[38;5;231;48;5;231m▓[38;5;231;48;5;231m▓[38;5;231;48;5;231m▓[38;5;231;48;5;231m▓[38;5;231;48;5;231m▓[38;5;231;48;5;231m▓[38;5;231;48;5;231m▓[38;5;231;48;5;231m▓[38;5;231;48;5;231m▓[38;5;231;48;5;231m▓[38;5;231;48;5;231m▓[38;5;231;48;5;231m▓[38;5;231;48;5;231m▓[38;5;231;48;5;231m▓[38;5;231;48;5;231m▓[38;5;231;48;5;231m▓[38;5;231;48;5;231m▓[38;5;231;48;5;231m▓[38;5;231;48;5;231m▓[38;5;231;48;5;231m▓[38;5;231;48;5;231m▓[38;5;231;48;5;231m▓[38;5;231;48;5;231m▓[38;5;231;48;5;231m▓[38;5;231;48;5;231m▓[38;5;231;48;5;231m▓[38;5;231;48;5;231m▓[38;5;231;48;5;231m▓[38;5;231;48;5;231m▓[38;5;231;48;5;231m▓[38;5;231;48;5;231m▓[38;5;231;48;5;231m▓[38;5;231;48;5;231m▓[38;5;231;48;5;231m▓[38;5;231;48;5;231m▓[38;5;231;48;5;231m▓[38;5;231;48;5;231m▓[38;5;231;48;5;231m▓[38;5;231;48;5;231m▓[38;5;231;48;5;231m▓[38;5;231;48;5;231m▓[38;5;231;48;5;231m▓[38;5;231;48;5;231m▓[38;5;231;48;5;231m▓[38;5;231;48;5;231m▓[38;5;231;48;5;231m▓[38;5;231;48;5;231m▓[38;5;231;48;5;231m▓[38;5;231;48;5;231m▓[38;5;231;48;5;231m▓[38;5;231;48;5;231m▓[38;5;231;48;5;231m▓[38;5;231;48;5;231m▓[38;5;231;48;5;231m▓[38;5;231;48;5;231m▓[38;5;231;48;5;231m▓[38;5;231;48;5;231m▓[38;5;231;48;5;231m▓[38;5;231;48;5;231m▓[38;5;231;48;5;231m▓[38;5;231;48;5;231m▓[38;5;231;48;5;231m▓[38;5;231;48;5;231m▓[38;5;231;48;5;231m▓[38;5;231;48;5;231m▓[38;5;231;48;5;231m▓[38;5;231;48;5;231m▓[38;5;231;48;5;231m▓[38;5;231;48;5;231m▓[38;5;231;48;5;231m▓[38;5;231;48;5;231m▓[38;5;231;48;5;231m▓[38;5;231;48;5;231m▓[38;5;231;48;5;231m▓[38;5;231;48;5;231m▓[38;5;231;48;5;231m▓[38;5;231;48;5;231m▓[38;5;231;48;5;231m▓[38;5;231;48;5;231m▓[38;5;231;48;5;231m▓[0m
[38;5;231;48;5;231m▓[38;5;231;48;5;231m▓[38;5;231;48;5;231m▓[38;5;231;48;5;231m▓[38;5;231;48;5;231m▓[38;5;231;48;5;231m▓[38;5;231;48;5;231m▓[38;5;231;48;5;231m▓[38;5;231;48;5;231m▓[38;5;231;48;5;231m▓[38;5;231;48;5;231m▓[38;5;231;48;5;231m▓[38;5;231;48;5;231m▓[38;5;231;48;5;231m▓[38;5;231;48;5;231m▓[38;5;231;48;5;231m▓[38;5;231;48;5;231m▓[38;5;231;48;5;231m▓[38;5;231;48;5;231m▓[38;5;231;48;5;231m▓[38;5;231;48;5;231m▓[38;5;231;48;5;231m▓[38;5;231;48;5;231m▓[38;5;231;48;5;231m▓[38;5;231;48;5;231m▓[38;5;231;48;5;231m▓[38;5;231;48;5;231m▓[38;5;231;48;5;231m▓[38;5;231;48;5;231m▓[38;5;231;48;5;231m▓[38;5;231;48;5;231m▓[38;5;231;48;5;231m▓[38;5;231;48;5;231m▓[38;5;231;48;5;231m▓[38;5;231;48;5;231m▓[38;5;231;48;5;231m▓[38;5;231;48;5;231m▓[38;5;231;48;5;231m▓[38;5;231;48;5;231m▓[38;5;231;48;5;231m▓[38;5;231;48;5;231m▓[38;5;231;48;5;231m▓[38;5;231;48;5;231m▓[38;5;231;48;5;231m▓[38;5;231;48;5;231m▓[38;5;231;48;5;231m▓[38;5;231;48;5;231m▓[38;5;231;48;5;231m▓[38;5;231;48;5;231m▓[38;5;231;48;5;231m▓[38;5;231;48;5;231m▓[38;5;231;48;5;231m▓[38;5;231;48;5;231m▓[38;5;231;48;5;231m▓[38;5;231;48;5;231m▓[38;5;231;48;5;231m▓[38;5;231;48;5;231m▓[38;5;231;48;5;231m▓[38;5;231;48;5;231m▓[38;5;231;48;5;231m▓[38;5;231;48;5;231m▓[38;5;231;48;5;231m▓[38;5;231;48;5;231m▓[38;5;231;48;5;231m▓[38;5;231;48;5;231m▓[38;5;231;48;5;231m▓[38;5;231;48;5;231m▓[38;5;231;48;5;231m▓[38;5;231;48;5;231m▓[38;5;231;48;5;231m▓[38;5;231;48;5;231m▓[38;5;231;48;5;231m▓[38;5;231;48;5;231m▓[38;5;231;48;5;231m▓[38;5;231;48;5;231m▓[38;5;231;48;5;231m▓[38;5;231;48;5;231m▓[38;5;231;48;5;231m▓[38;5;231;48;5;231m▓[38;5;231;48;5;231m▓[0m
[38;5;231;48;5;231m▓[38;5;231;48;5;231m▓[38;5;231;48;5;231m▓[38;5;231;48;5;231m▓[38;5;231;48;5;231m▓[38;5;231;48;5;231m▓[38;5;231;48;5;231m▓[38;5;231;48;5;231m▓[38;5;231;48;5;231m▓[38;5;231;48;5;231m▓[38;5;231;48;5;231m▓[38;5;231;48;5;231m▓[38;5;231;48;5;231m▓[38;5;231;48;5;231m▓[38;5;231;48;5;231m▓[38;5;231;48;5;231m▓[38;5;231;48;5;231m▓[38;5;231;48;5;231m▓[38;5;231;48;5;231m▓[38;5;231;48;5;231m▓[38;5;231;48;5;231m▓[38;5;231;48;5;231m▓[38;5;231;48;5;231m▓[38;5;231;48;5;231m▓[38;5;231;48;5;231m▓[38;5;231;48;5;231m▓[38;5;221;48;5;230m [38;5;221;48;5;180m▓[38;5;69;48;5;102m▓[38;5;66;48;5;247m▓[38;5;7;48;5;250m▓[38;5;255;48;5;255m▓[38;5;231;48;5;231m▓[38;5;231;48;5;231m▓[38;5;231;48;5;231m▓[38;5;231;48;5;231m▓[38;5;231;48;5;231m▓[38;5;231;48;5;231m▓[38;5;231;48;5;231m▓[38;5;231;48;5;231m▓[38;5;231;48;5;231m▓[38;5;231;48;5;231m▓[38;5;231;48;5;231m▓[38;5;231;48;5;231m▓[38;5;231;48;5;231m▓[38;5;231;48;5;231m▓[38;5;231;48;5;231m▓[38;5;231;48;5;231m▓[38;5;231;48;5;231m▓[38;5;231;48;5;231m▓[38;5;231;48;5;231m▓[38;5;231;48;5;231m▓[38;5;144;48;5;143m▓[38;5;220;48;5;137m▓[38;5;220;48;5;137m▓[38;5;220;48;5;137m▓[38;5;220;48;5;137m▓[38;5;220;48;5;137m▓[38;5;136;48;5;238m▓[38;5;231;48;5;231m▓[38;5;231;48;5;231m▓[38;5;231;48;5;231m▓[38;5;231;48;5;231m▓[38;5;231;48;5;231m▓[38;5;231;48;5;231m▓[38;5;58;48;5;233m [38;5;144;48;5;143m▓[38;5;144;48;5;137m▓[38;5;220;48;5;144m▓[38;5;144;48;5;143m▓[38;5;231;48;5;231m▓[38;5;231;48;5;231m▓[38;5;231;48;5;231m▓[38;5;231;48;5;231m▓[38;5;231;48;5;231m▓[38;5;231;48;5;231m▓[38;5;231;48;5;231m▓[38;5;231;48;5;231m▓[38;5;231;48;5;231m▓[38;5;231;48;5;231m▓[0m
[38;5;231;48;5;231m▓[38;5;231;48;5;231m▓[38;5;231;48;5;231m▓[38;5;231;48;5;231m▓[38;5;231;48;5;231m▓[38;5;231;48;5;231m▓[38;5;231;48;5;231m▓[38;5;231;48;5;231m▓[38;5;231;48;5;231m▓[38;5;231;48;5;231m▓[38;5;231;48;5;231m▓[38;5;231;48;5;231m▓[38;5;231;48;5;231m▓[38;5;231;48;5;231m▓[38;5;231;48;5;231m▓[38;5;231;48;5;231m▓[38;5;231;48;5;231m▓[38;5;231;48;5;231m▓[38;5;231;48;5;231m▓[38;5;231;48;5;231m▓[38;5;231;48;5;231m▓[38;5;231;48;5;231m▓[38;5;231;48;5;231m▓[38;5;231;48;5;231m▓[38;5;222;48;5;223m░[38;5;136;48;5;221m [38;5;221;48;5;221m [38;5;112;48;5;240m▓[38;5;72;48;5;241m▓[38;5;72;48;5;241m▓[38;5;79;48;5;241m▓[38;5;79;48;5;241m▓[38;5;72;48;5;241m▓[38;5;148;48;5;237m▓[38;5;220;48;5;137m▓[38;5;220;48;5;144m▓[38;5;231;48;5;231m▓[38;5;231;48;5;231m▓[38;5;231;48;5;231m▓[38;5;231;48;5;231m▓[38;5;231;48;5;231m▓[38;5;231;48;5;231m▓[38;5;231;48;5;231m▓[38;5;231;48;5;231m▓[38;5;231;48;5;231m▓[38;5;231;48;5;231m▓[38;5;231;48;5;231m▓[38;5;231;48;5;231m▓[38;5;231;48;5;231m▓[38;5;231;48;5;231m▓[38;5;231;48;5;231m▓[38;5;231;48;5;231m▓[38;5;231;48;5;231m▓[38;5;231;48;5;231m▓[38;5;65;48;5;241m▓[38;5;72;48;5;59m▓[38;5;72;48;5;59m▓[38;5;72;48;5;59m▓[38;5;60;48;5;242m▓[38;5;60;48;5;59m▓[38;5;78;48;5;241m▓[38;5;79;48;5;59m▓[38;5;72;48;5;59m▓[38;5;66;48;5;240m▓[38;5;69;48;5;240m▓[38;5;72;48;5;59m▓[38;5;242;48;5;241m▓[38;5;231;48;5;231m▓[38;5;231;48;5;231m▓[38;5;231;48;5;231m▓[38;5;231;48;5;231m▓[38;5;231;48;5;231m▓[38;5;231;48;5;231m▓[38;5;231;48;5;231m▓[38;5;231;48;5;231m▓[38;5;231;48;5;231m▓[38;5;231;48;5;231m▓[38;5;231;48;5;231m▓[38;5;231;48;5;231m▓[38;5;231;48;5;231m▓[0m
[38;5;231;48;5;231m▓[38;5;231;48;5;231m▓[38;5;231;48;5;231m▓[38;5;231;48;5;231m▓[38;5;231;48;5;231m▓[38;5;231;48;5;231m▓[38;5;231;48;5;231m▓[38;5;231;48;5;231m▓[38;5;231;48;5;231m▓[38;5;231;48;5;231m▓[38;5;231;48;5;231m▓[38;5;231;48;5;231m▓[38;5;231;48;5;231m▓[38;5;231;48;5;231m▓[38;5;231;48;5;231m▓[38;5;231;48;5;231m▓[38;5;231;48;5;231m▓[38;5;231;48;5;231m▓[38;5;231;48;5;231m▓[38;5;231;48;5;231m▓[38;5;231;48;5;231m▓[38;5;231;48;5;231m▓[38;5;231;48;5;231m▓[38;5;94;48;5;221m░[38;5;94;48;5;179m▒[38;5;144;48;5;107m▓[38;5;220;48;5;137m▓[38;5;220;48;5;137m▓[38;5;101;48;5;246m▓[38;5;79;48;5;241m▓[38;5;241;48;5;59m▓[38;5;66;48;5;241m▓[38;5;190;48;5;238m▓[38;5;106;48;5;237m▓[38;5;144;48;5;143m▓[38;5;220;48;5;137m▓[38;5;144;48;5;137m▓[38;5;144;48;5;137m▓[38;5;144;48;5;144m▓[38;5;231;48;5;231m▓[38;5;231;48;5;231m▓[38;5;231;48;5;231m▓[38;5;231;48;5;231m▓[38;5;231;48;5;231m▓[38;5;231;48;5;231m▓[38;5;231;48;5;231m▓[38;5;231;48;5;231m▓[38;5;231;48;5;231m▓[38;5;231;48;5;231m▓[38;5;231;48;5;231m▓[38;5;231;48;5;231m▓[38;5;231;48;5;231m▓[38;5;231;48;5;231m▓[38;5;231;48;5;231m▓[38;5;231;48;5;231m▓[38;5;231;48;5;231m▓[38;5;231;48;5;231m▓[38;5;65;48;5;242m▓[38;5;79;48;5;241m▓[38;5;65;48;5;241m▓[38;5;66;48;5;241m▓[38;5;72;48;5;59m▓[38;5;101;48;5;242m▓[38;5;220;48;5;137m▓[38;5;220;48;5;143m▓[38;5;220;48;5;137m▓[38;5;191;48;5;241m▓[38;5;79;48;5;243m▓[38;5;78;48;5;243m▓[38;5;78;48;5;244m▓[38;5;79;48;5;243m▓[38;5;246;48;5;246m▓[38;5;231;48;5;231m▓[38;5;231;48;5;231m▓[38;5;231;48;5;231m▓[38;5;231;48;5;231m▓[38;5;231;48;5;231m▓[38;5;231;48;5;231m▓[38;5;231;48;5;231m▓[38;5;231;48;5;231m▓[0m
[38;5;231;48;5;231m▓[38;5;231;48;5;231m▓[38;5;231;48;5;231m▓[38;5;231;48;5;231m▓[38;5;231;48;5;231m▓[38;5;231;48;5;231m▓[38;5;231;48;5;231m▓[38;5;231;48;5;231m▓[38;5;231;48;5;231m▓[38;5;231;48;5;231m▓[38;5;231;48;5;231m▓[38;5;231;48;5;231m▓[38;5;231;48;5;231m▓[38;5;231;48;5;231m▓[38;5;231;48;5;231m▓[38;5;231;48;5;231m▓[38;5;231;48;5;231m▓[38;5;231;48;5;231m▓[38;5;220;48;5;136m▒[38;5;231;48;5;231m▓[38;5;231;48;5;231m▓[38;5;102;48;5;102m▓[38;5;65;48;5;240m▓[38;5;101;48;5;144m▓[38;5;144;48;5;137m▓[38;5;221;48;5;222m░[38;5;94;48;5;221m [38;5;144;48;5;143m▓[38;5;79;48;5;241m▓[38;5;242;48;5;241m▓[38;5;242;48;5;241m▓[38;5;242;48;5;241m▓[38;5;242;48;5;241m▓[38;5;101;48;5;144m▓[38;5;136;48;5;137m▓[38;5;220;48;5;137m▓[38;5;220;48;5;137m▓[38;5;144;48;5;101m▓[38;5;101;48;5;144m▓[38;5;144;48;5;143m▓[38;5;144;48;5;101m▓[38;5;144;48;5;143m▓[38;5;231;48;5;231m▓[38;5;231;48;5;231m▓[38;5;231;48;5;231m▓[38;5;231;48;5;231m▓[38;5;231;48;5;231m▓[38;5;231;48;5;231m▓[38;5;231;48;5;231m▓[38;5;231;48;5;231m▓[38;5;231;48;5;231m▓[38;5;220;48;5;137m▓[38;5;220;48;5;144m▓[38;5;220;48;5;137m▓[38;5;220;48;5;137m▓[38;5;144;48;5;137m▓[38;5;144;48;5;143m▓[38;5;220;48;5;137m▓[38;5;220;48;5;137m▓[38;5;106;48;5;59m▓[38;5;72;48;5;242m▓[38;5;144;48;5;143m▓[38;5;220;48;5;143m▓[38;5;220;48;5;137m▓[38;5;190;48;5;101m▓[38;5;67;48;5;59m▓[38;5;72;48;5;59m▓[38;5;242;48;5;241m▓[38;5;149;48;5;241m▓[38;5;72;48;5;240m▓[38;5;84;48;5;241m▓[38;5;65;48;5;244m▓[38;5;65;48;5;244m▓[38;5;79;48;5;243m▓[38;5;60;48;5;244m▓[38;5;231;48;5;231m▓[38;5;231;48;5;231m▓[38;5;231;48;5;231m▓[38;5;231;48;5;231m▓[38;5;231;48;5;231m▓[0m
[38;5;231;48;5;231m▓[38;5;231;48;5;231m▓[38;5;231;48;5;231m▓[38;5;231;48;5;231m▓[38;5;231;48;5;231m▓[38;5;231;48;5;231m▓[38;5;231;48;5;231m▓[38;5;231;48;5;231m▓[38;5;231;48;5;231m▓[38;5;231;48;5;231m▓[38;5;231;48;5;231m▓[38;5;231;48;5;231m▓[38;5;231;48;5;231m▓[38;5;231;48;5;231m▓[38;5;231;48;5;231m▓[38;5;231;48;5;231m▓[38;5;231;48;5;231m▓[38;5;221;48;5;222m░[38;5;136;48;5;180m▒[38;5;231;48;5;231m▓[38;5;72;48;5;59m▓[38;5;79;48;5;241m▓[38;5;79;48;5;241m▓[38;5;242;48;5;241m▓[38;5;64;48;5;239m▓[38;5;144;48;5;137m▓[38;5;144;48;5;137m▓[38;5;79;48;5;242m▓[38;5;86;48;5;241m▓[38;5;79;48;5;241m▓[38;5;79;48;5;241m▓[38;5;79;48;5;241m▓[38;5;72;48;5;241m▓[38;5;79;48;5;241m▓[38;5;65;48;5;59m▓[38;5;67;48;5;240m▓[38;5;60;48;5;242m▓[38;5;107;48;5;241m▓[38;5;27;48;5;241m▓[38;5;66;48;5;241m▓[38;5;68;48;5;242m▓[38;5;66;48;5;59m▓[38;5;231;48;5;231m▓[38;5;231;48;5;231m▓[38;5;231;48;5;231m▓[38;5;231;48;5;231m▓[38;5;231;48;5;231m▓[38;5;231;48;5;231m▓[38;5;231;48;5;231m▓[38;5;231;48;5;231m▓[38;5;231;48;5;231m▓[38;5;231;48;5;231m▓[38;5;231;48;5;231m▓[38;5;231;48;5;231m▓[38;5;231;48;5;231m▓[38;5;231;48;5;231m▓[38;5;231;48;5;231m▓[38;5;60;48;5;241m▓[38;5;65;48;5;59m▓[38;5;79;48;5;241m▓[38;5;242;48;5;241m▓[38;5;79;48;5;59m▓[38;5;101;48;5;59m▓[38;5;220;48;5;137m▓[38;5;144;48;5;143m▓[38;5;144;48;5;143m▓[38;5;231;48;5;231m▓[38;5;231;48;5;231m▓[38;5;231;48;5;231m▓[38;5;220;48;5;137m▓[38;5;220;48;5;144m▓[38;5;190;48;5;144m▓[38;5;66;48;5;241m▓[38;5;42;48;5;242m▓[38;5;79;48;5;243m▓[38;5;43;48;5;243m▓[38;5;231;48;5;231m▓[38;5;231;48;5;231m▓[38;5;231;48;5;231m▓[38;5;231;48;5;231m▓[0m
[38;5;231;48;5;231m▓[38;5;231;48;5;231m▓[38;5;231;48;5;231m▓[38;5;231;48;5;231m▓[38;5;231;48;5;231m▓[38;5;231;48;5;231m▓[38;5;231;48;5;231m▓[38;5;231;48;5;231m▓[38;5;231;48;5;231m▓[38;5;231;48;5;231m▓[38;5;231;48;5;231m▓[38;5;231;48;5;231m▓[38;5;231;48;5;231m▓[38;5;231;48;5;231m▓[38;5;231;48;5;231m▓[38;5;231;48;5;231m▓[38;5;231;48;5;231m▓[38;5;94;48;5;221m [38;5;221;48;5;186m▒[38;5;101;48;5;144m▓[38;5;220;48;5;137m▓[38;5;101;48;5;241m▓[38;5;242;48;5;241m▓[38;5;242;48;5;241m▓[38;5;242;48;5;242m▓[38;5;79;48;5;241m▓[38;5;66;48;5;59m▓[38;5;79;48;5;241m▓[38;5;79;48;5;241m▓[38;5;79;48;5;241m▓[38;5;79;48;5;241m▓[38;5;79;48;5;241m▓[38;5;72;48;5;241m▓[38;5;79;48;5;241m▓[38;5;79;48;5;241m▓[38;5;79;48;5;241m▓[38;5;79;48;5;241m▓[38;5;79;48;5;241m▓[38;5;79;48;5;241m▓[38;5;79;48;5;241m▓[38;5;79;48;5;241m▓[38;5;79;48;5;241m▓[38;5;79;48;5;241m▓[38;5;112;48;5;240m▓[38;5;101;48;5;144m▓[38;5;231;48;5;231m▓[38;5;231;48;5;231m▓[38;5;231;48;5;231m▓[38;5;231;48;5;231m▓[38;5;231;48;5;231m▓[38;5;231;48;5;231m▓[38;5;231;48;5;231m▓[38;5;231;48;5;231m▓[38;5;231;48;5;231m▓[38;5;72;48;5;59m▓[38;5;72;48;5;59m▓[38;5;72;48;5;59m▓[38;5;72;48;5;59m▓[38;5;66;48;5;241m▓[38;5;78;48;5;240m▓[38;5;242;48;5;241m▓[38;5;242;48;5;241m▓[38;5;242;48;5;241m▓[38;5;72;48;5;240m▓[38;5;66;48;5;59m▓[38;5;66;48;5;241m▓[38;5;66;48;5;241m▓[38;5;231;48;5;231m▓[38;5;231;48;5;231m▓[38;5;231;48;5;231m▓[38;5;231;48;5;231m▓[38;5;231;48;5;231m▓[38;5;86;48;5;242m▓[38;5;79;48;5;241m▓[38;5;65;48;5;242m▓[38;5;119;48;5;243m▓[38;5;65;48;5;243m▓[38;5;231;48;5;231m▓[38;5;231;48;5;231m▓[38;5;231;48;5;231m▓[0m
[38;5;231;48;5;231m▓[38;5;231;48;5;231m▓[38;5;231;48;5;231m▓[38;5;231;48;5;231m▓[38;5;231;48;5;231m▓[38;5;231;48;5;231m▓[38;5;231;48;5;231m▓[38;5;231;48;5;231m▓[38;5;231;48;5;231m▓[38;5;231;48;5;231m▓[38;5;231;48;5;231m▓[38;5;231;48;5;231m▓[38;5;231;48;5;231m▓[38;5;231;48;5;231m▓[38;5;231;48;5;231m▓[38;5;231;48;5;231m▓[38;5;136;48;5;221m [38;5;220;48;5;137m▓[38;5;144;48;5;143m▓[38;5;220;48;5;137m▓[38;5;144;48;5;137m▓[38;5;190;48;5;241m▓[38;5;241;48;5;241m▓[38;5;79;48;5;241m▓[38;5;72;48;5;241m▓[38;5;79;48;5;241m▓[38;5;79;48;5;241m▓[38;5;79;48;5;241m▓[38;5;72;48;5;241m▓[38;5;79;48;5;241m▓[38;5;79;48;5;241m▓[38;5;79;48;5;241m▓[38;5;72;48;5;241m▓[38;5;79;48;5;241m▓[38;5;79;48;5;241m▓[38;5;79;48;5;241m▓[38;5;72;48;5;241m▓[38;5;79;48;5;241m▓[38;5;79;48;5;241m▓[38;5;79;48;5;241m▓[38;5;69;48;5;241m▓[38;5;72;48;5;242m▓[38;5;101;48;5;239m▓[38;5;101;48;5;243m▓[38;5;220;48;5;143m▓[38;5;220;48;5;137m▓[38;5;143;48;5;143m▓[38;5;220;48;5;144m▓[38;5;231;48;5;231m▓[38;5;231;48;5;231m▓[38;5;231;48;5;231m▓[38;5;231;48;5;231m▓[38;5;178;48;5;137m▓[38;5;220;48;5;137m▓[38;5;220;48;5;137m▓[38;5;220;48;5;137m▓[38;5;220;48;5;143m▓[38;5;220;48;5;144m▓[38;5;101;48;5;240m▓[38;5;231;48;5;231m▓[38;5;231;48;5;231m▓[38;5;231;48;5;231m▓[38;5;231;48;5;231m▓[38;5;231;48;5;231m▓[38;5;66;48;5;102m▓[38;5;101;48;5;238m▓[38;5;143;48;5;137m▓[38;5;220;48;5;137m▓[38;5;143;48;5;137m▓[38;5;101;48;5;252m▓[38;5;231;48;5;231m▓[38;5;187;48;5;255m▒[38;5;220;48;5;187m▓[38;5;101;48;5;144m▓[38;5;107;48;5;240m▓[38;5;79;48;5;243m▓[38;5;84;48;5;243m▓[38;5;231;48;5;231m▓[38;5;231;48;5;231m▓[38;5;231;48;5;231m▓[0m
[38;5;231;48;5;231m▓[38;5;231;48;5;231m▓[38;5;231;48;5;231m▓[38;5;231;48;5;231m▓[38;5;231;48;5;231m▓[38;5;231;48;5;231m▓[38;5;231;48;5;231m▓[38;5;231;48;5;231m▓[38;5;231;48;5;231m▓[38;5;231;48;5;231m▓[38;5;231;48;5;231m▓[38;5;231;48;5;231m▓[38;5;231;48;5;231m▓[38;5;231;48;5;231m▓[38;5;231;48;5;231m▓[38;5;79;48;5;241m▓[38;5;79;48;5;241m▓[38;5;79;48;5;241m▓[38;5;136;48;5;244m▓[38;5;220;48;5;137m▓[38;5;190;48;5;246m▓[38;5;68;48;5;59m▓[38;5;66;48;5;241m▓[38;5;79;48;5;241m▓[38;5;79;48;5;241m▓[38;5;72;48;5;59m▓[38;5;79;48;5;241m▓[38;5;242;48;5;241m▓[38;5;72;48;5;241m▓[38;5;79;48;5;241m▓[38;5;67;48;5;241m▓[38;5;101;48;5;144m▓[38;5;101;48;5;144m▓[38;5;220;48;5;143m▓[38;5;220;48;5;143m▓[38;5;144;48;5;143m▓[38;5;144;48;5;101m▓[38;5;144;48;5;107m▓[38;5;220;48;5;144m▓[38;5;72;48;5;59m▓[38;5;45;48;5;241m▓[38;5;66;48;5;59m▓[38;5;64;48;5;238m▓[38;5;101;48;5;144m▓[38;5;220;48;5;137m▓[38;5;220;48;5;144m▓[38;5;143;48;5;137m▓[38;5;101;48;5;244m▓[38;5;190;48;5;101m▓[38;5;101;48;5;144m▓[38;5;136;48;5;248m▓[38;5;231;48;5;231m▓[38;5;231;48;5;231m▓[38;5;231;48;5;231m▓[38;5;231;48;5;231m▓[38;5;231;48;5;231m▓[38;5;231;48;5;231m▓[38;5;231;48;5;231m▓[38;5;231;48;5;231m▓[38;5;231;48;5;231m▓[38;5;231;48;5;231m▓[38;5;231;48;5;231m▓[38;5;231;48;5;231m▓[38;5;231;48;5;231m▓[38;5;231;48;5;231m▓[38;5;231;48;5;231m▓[38;5;231;48;5;231m▓[38;5;231;48;5;231m▓[38;5;231;48;5;231m▓[38;5;231;48;5;231m▓[38;5;231;48;5;231m▓[38;5;231;48;5;231m▓[38;5;220;48;5;144m▓[38;5;143;48;5;137m▓[38;5;107;48;5;240m▓[38;5;84;48;5;243m▓[38;5;84;48;5;243m▓[38;5;251;48;5;251m▓[38;5;231;48;5;231m▓[38;5;231;48;5;231m▓[0m
[38;5;231;48;5;231m▓[38;5;231;48;5;231m▓[38;5;231;48;5;231m▓[38;5;231;48;5;231m▓[38;5;231;48;5;231m▓[38;5;231;48;5;231m▓[38;5;231;48;5;231m▓[38;5;231;48;5;231m▓[38;5;231;48;5;231m▓[38;5;231;48;5;231m▓[38;5;136;48;5;186m░[38;5;144;48;5;143m▓[38;5;230;48;5;231m [38;5;242;48;5;241m▓[38;5;72;48;5;241m▓[38;5;240;48;5;240m▓[38;5;101;48;5;59m▓[38;5;72;48;5;59m▓[38;5;79;48;5;241m▓[38;5;72;48;5;241m▓[38;5;72;48;5;241m▓[38;5;79;48;5;241m▓[38;5;242;48;5;241m▓[38;5;79;48;5;241m▓[38;5;78;48;5;241m▓[38;5;72;48;5;241m▓[38;5;72;48;5;59m▓[38;5;72;48;5;244m▓[38;5;79;48;5;243m▓[38;5;79;48;5;241m▓[38;5;72;48;5;241m▓[38;5;220;48;5;137m▓[38;5;65;48;5;241m▓[38;5;107;48;5;59m▓[38;5;72;48;5;59m▓[38;5;78;48;5;240m▓[38;5;78;48;5;241m▓[38;5;65;48;5;240m▓[38;5;144;48;5;137m▓[38;5;72;48;5;59m▓[38;5;78;48;5;241m▓[38;5;78;48;5;241m▓[38;5;96;48;5;241m▓[38;5;79;48;5;241m▓[38;5;242;48;5;241m▓[38;5;79;48;5;59m▓[38;5;72;48;5;241m▓[38;5;78;48;5;241m▓[38;5;72;48;5;241m▓[38;5;66;48;5;241m▓[38;5;72;48;5;241m▓[38;5;230;48;5;231m [38;5;231;48;5;231m▓[38;5;231;48;5;231m▓[38;5;231;48;5;231m▓[38;5;231;48;5;231m▓[38;5;231;48;5;231m▓[38;5;231;48;5;231m▓[38;5;231;48;5;231m▓[38;5;231;48;5;231m▓[38;5;231;48;5;231m▓[38;5;231;48;5;231m▓[38;5;231;48;5;231m▓[38;5;231;48;5;231m▓[38;5;231;48;5;231m▓[38;5;231;48;5;231m▓[38;5;231;48;5;231m▓[38;5;231;48;5;231m▓[38;5;231;48;5;231m▓[38;5;231;48;5;231m▓[38;5;231;48;5;231m▓[38;5;231;48;5;231m▓[38;5;231;48;5;231m▓[38;5;69;48;5;241m▓[38;5;72;48;5;240m▓[38;5;84;48;5;243m▓[38;5;84;48;5;243m▓[38;5;7;48;5;250m▓[38;5;231;48;5;231m▓[38;5;231;48;5;231m▓[0m
[38;5;231;48;5;231m▓[38;5;231;48;5;231m▓[38;5;231;48;5;231m▓[38;5;231;48;5;231m▓[38;5;231;48;5;231m▓[38;5;231;48;5;231m▓[38;5;231;48;5;231m▓[38;5;231;48;5;231m▓[38;5;231;48;5;231m▓[38;5;231;48;5;231m▓[38;5;220;48;5;230m [38;5;221;48;5;221m [38;5;144;48;5;137m▓[38;5;220;48;5;137m▓[38;5;144;48;5;137m▓[38;5;144;48;5;143m▓[38;5;144;48;5;143m▓[38;5;78;48;5;241m▓[38;5;79;48;5;241m▓[38;5;79;48;5;241m▓[38;5;79;48;5;241m▓[38;5;79;48;5;241m▓[38;5;79;48;5;241m▓[38;5;79;48;5;241m▓[38;5;79;48;5;241m▓[38;5;78;48;5;241m▓[38;5;72;48;5;59m▓[38;5;72;48;5;243m▓[38;5;66;48;5;59m▓[38;5;66;48;5;241m▓[38;5;72;48;5;59m▓[38;5;220;48;5;137m▓[38;5;242;48;5;241m▓[38;5;65;48;5;241m▓[38;5;190;48;5;239m▓[38;5;106;48;5;245m▓[38;5;67;48;5;241m▓[38;5;112;48;5;240m▓[38;5;144;48;5;137m▓[38;5;72;48;5;59m▓[38;5;79;48;5;241m▓[38;5;79;48;5;241m▓[38;5;79;48;5;241m▓[38;5;79;48;5;241m▓[38;5;79;48;5;241m▓[38;5;79;48;5;241m▓[38;5;79;48;5;241m▓[38;5;79;48;5;241m▓[38;5;79;48;5;241m▓[38;5;79;48;5;241m▓[38;5;242;48;5;241m▓[38;5;79;48;5;59m▓[38;5;148;48;5;239m▓[38;5;230;48;5;231m [38;5;231;48;5;231m▓[38;5;231;48;5;231m▓[38;5;231;48;5;231m▓[38;5;231;48;5;231m▓[38;5;231;48;5;231m▓[38;5;231;48;5;231m▓[38;5;231;48;5;231m▓[38;5;231;48;5;231m▓[38;5;231;48;5;231m▓[38;5;231;48;5;231m▓[38;5;231;48;5;231m▓[38;5;231;48;5;231m▓[38;5;231;48;5;231m▓[38;5;231;48;5;231m▓[38;5;231;48;5;231m▓[38;5;231;48;5;231m▓[38;5;231;48;5;231m▓[38;5;231;48;5;231m▓[38;5;231;48;5;231m▓[38;5;60;48;5;242m▓[38;5;101;48;5;59m▓[38;5;84;48;5;243m▓[38;5;84;48;5;243m▓[38;5;7;48;5;250m▓[38;5;231;48;5;231m▓[38;5;231;48;5;231m▓[0m
[38;5;231;48;5;231m▓[38;5;231;48;5;231m▓[38;5;231;48;5;231m▓[38;5;231;48;5;231m▓[38;5;231;48;5;231m▓[38;5;231;48;5;231m▓[38;5;231;48;5;231m▓[38;5;231;48;5;231m▓[38;5;231;48;5;231m▓[38;5;231;48;5;231m▓[38;5;231;48;5;231m▓[38;5;221;48;5;221m░[38;5;220;48;5;137m▓[38;5;144;48;5;137m▓[38;5;144;48;5;137m▓[38;5;144;48;5;143m▓[38;5;220;48;5;143m▓[38;5;82;48;5;240m▓[38;5;78;48;5;241m▓[38;5;79;48;5;241m▓[38;5;79;48;5;241m▓[38;5;79;48;5;241m▓[38;5;79;48;5;241m▓[38;5;86;48;5;241m▓[38;5;72;48;5;241m▓[38;5;72;48;5;59m▓[38;5;84;48;5;243m▓[38;5;79;48;5;243m▓[38;5;241;48;5;59m▓[38;5;78;48;5;243m▓[38;5;65;48;5;243m▓[38;5;220;48;5;137m▓[38;5;65;48;5;59m▓[38;5;241;48;5;59m▓[38;5;149;48;5;241m▓[38;5;101;48;5;239m▓[38;5;190;48;5;238m▓[38;5;119;48;5;240m▓[38;5;148;48;5;239m▓[38;5;79;48;5;241m▓[38;5;96;48;5;241m▓[38;5;79;48;5;241m▓[38;5;79;48;5;241m▓[38;5;79;48;5;241m▓[38;5;79;48;5;241m▓[38;5;79;48;5;241m▓[38;5;79;48;5;241m▓[38;5;79;48;5;241m▓[38;5;65;48;5;242m▓[38;5;65;48;5;241m▓[38;5;149;48;5;243m▓[38;5;241;48;5;59m▓[38;5;221;48;5;239m▓[38;5;144;48;5;143m▓[38;5;220;48;5;144m▓[38;5;144;48;5;143m▓[38;5;231;48;5;231m▓[38;5;231;48;5;231m▓[38;5;231;48;5;231m▓[38;5;231;48;5;231m▓[38;5;231;48;5;231m▓[38;5;231;48;5;231m▓[38;5;231;48;5;231m▓[38;5;231;48;5;231m▓[38;5;231;48;5;231m▓[38;5;231;48;5;231m▓[38;5;231;48;5;231m▓[38;5;231;48;5;231m▓[38;5;231;48;5;231m▓[38;5;231;48;5;231m▓[38;5;231;48;5;231m▓[38;5;231;48;5;231m▓[38;5;220;48;5;144m▓[38;5;178;48;5;137m▓[38;5;65;48;5;241m▓[38;5;84;48;5;243m▓[38;5;84;48;5;243m▓[38;5;7;48;5;250m▓[38;5;231;48;5;231m▓[38;5;231;48;5;231m▓[0m
[38;5;231;48;5;231m▓[38;5;231;48;5;231m▓[38;5;231;48;5;231m▓[38;5;231;48;5;231m▓[38;5;231;48;5;231m▓[38;5;231;48;5;231m▓[38;5;136;48;5;222m░[38;5;231;48;5;231m▓[38;5;231;48;5;231m▓[38;5;231;48;5;231m▓[38;5;231;48;5;231m▓[38;5;94;48;5;221m [38;5;94;48;5;221m░[38;5;220;48;5;137m▒[38;5;220;48;5;137m▓[38;5;220;48;5;137m▓[38;5;144;48;5;137m▓[38;5;101;48;5;144m▓[38;5;79;48;5;241m▓[38;5;79;48;5;241m▓[38;5;79;48;5;241m▓[38;5;72;48;5;241m▓[38;5;72;48;5;242m▓[38;5;65;48;5;244m▓[38;5;78;48;5;241m▓[38;5;65;48;5;243m▓[38;5;65;48;5;243m▓[38;5;79;48;5;243m▓[38;5;79;48;5;243m▓[38;5;79;48;5;243m▓[38;5;107;48;5;243m▓[38;5;136;48;5;144m▓[38;5;220;48;5;144m▓[38;5;190;48;5;245m▓[38;5;190;48;5;243m▓[38;5;148;48;5;240m▓[38;5;190;48;5;240m▓[38;5;148;48;5;239m▓[38;5;101;48;5;242m▓[38;5;101;48;5;242m▓[38;5;60;48;5;241m▓[38;5;242;48;5;241m▓[38;5;79;48;5;59m▓[38;5;79;48;5;241m▓[38;5;79;48;5;241m▓[38;5;79;48;5;241m▓[38;5;79;48;5;241m▓[38;5;79;48;5;241m▓[38;5;72;48;5;241m▓[38;5;231;48;5;231m▓[38;5;101;48;5;242m▓[38;5;66;48;5;241m▓[38;5;220;48;5;144m▓[38;5;220;48;5;144m▓[38;5;220;48;5;143m▓[38;5;178;48;5;137m▓[38;5;178;48;5;137m▓[38;5;144;48;5;137m▓[38;5;101;48;5;145m▓[38;5;231;48;5;231m▓[38;5;231;48;5;231m▓[38;5;231;48;5;231m▓[38;5;231;48;5;231m▓[38;5;231;48;5;231m▓[38;5;231;48;5;231m▓[38;5;231;48;5;231m▓[38;5;231;48;5;231m▓[38;5;231;48;5;231m▓[38;5;231;48;5;231m▓[38;5;231;48;5;231m▓[38;5;231;48;5;231m▓[38;5;231;48;5;231m▓[38;5;190;48;5;254m▓[38;5;64;48;5;238m▓[38;5;65;48;5;59m▓[38;5;84;48;5;243m▓[38;5;84;48;5;243m▓[38;5;7;48;5;250m▓[38;5;231;48;5;231m▓[38;5;231;48;5;231m▓[0m
[38;5;231;48;5;231m▓[38;5;231;48;5;231m▓[38;5;231;48;5;231m▓[38;5;231;48;5;231m▓[38;5;231;48;5;231m▓[38;5;231;48;5;231m▓[38;5;231;48;5;231m▓[38;5;94;48;5;221m [38;5;94;48;5;137m▓[38;5;231;48;5;231m▓[38;5;231;48;5;231m▓[38;5;231;48;5;231m▓[38;5;220;48;5;185m▒[38;5;143;48;5;101m▓[38;5;101;48;5;239m▓[38;5;101;48;5;241m▓[38;5;220;48;5;137m▓[38;5;101;48;5;244m▓[38;5;79;48;5;241m▓[38;5;79;48;5;241m▓[38;5;241;48;5;241m▓[38;5;78;48;5;243m▓[38;5;79;48;5;243m▓[38;5;113;48;5;244m▓[38;5;72;48;5;244m▓[38;5;79;48;5;243m▓[38;5;79;48;5;243m▓[38;5;79;48;5;243m▓[38;5;79;48;5;243m▓[38;5;79;48;5;243m▓[38;5;107;48;5;243m▓[38;5;220;48;5;137m▓[38;5;144;48;5;143m▓[38;5;144;48;5;137m▓[38;5;144;48;5;137m▓[38;5;144;48;5;137m▓[38;5;144;48;5;137m▓[38;5;144;48;5;137m▓[38;5;144;48;5;137m▓[38;5;144;48;5;137m▓[38;5;144;48;5;137m▓[38;5;144;48;5;137m▓[38;5;144;48;5;137m▓[38;5;220;48;5;144m▓[38;5;190;48;5;246m▓[38;5;101;48;5;242m▓[38;5;67;48;5;242m▓[38;5;66;48;5;241m▓[38;5;78;48;5;241m▓[38;5;78;48;5;242m▓[38;5;231;48;5;231m▓[38;5;43;48;5;241m▓[38;5;145;48;5;145m▓[38;5;231;48;5;231m▓[38;5;231;48;5;231m▓[38;5;231;48;5;231m▓[38;5;231;48;5;231m▓[38;5;231;48;5;231m▓[38;5;231;48;5;231m▓[38;5;231;48;5;231m▓[38;5;231;48;5;231m▓[38;5;231;48;5;231m▓[38;5;231;48;5;231m▓[38;5;231;48;5;231m▓[38;5;231;48;5;231m▓[38;5;231;48;5;231m▓[38;5;231;48;5;231m▓[38;5;231;48;5;231m▓[38;5;231;48;5;231m▓[38;5;231;48;5;231m▓[38;5;231;48;5;231m▓[38;5;231;48;5;231m▓[38;5;107;48;5;244m▓[38;5;65;48;5;59m▓[38;5;68;48;5;59m▓[38;5;84;48;5;243m▓[38;5;84;48;5;243m▓[38;5;7;48;5;250m▓[38;5;231;48;5;231m▓[38;5;231;48;5;231m▓[0m
[38;5;231;48;5;231m▓[38;5;231;48;5;231m▓[38;5;231;48;5;231m▓[38;5;231;48;5;231m▓[38;5;231;48;5;231m▓[38;5;231;48;5;231m▓[38;5;231;48;5;231m▓[38;5;221;48;5;221m░[38;5;221;48;5;221m [38;5;220;48;5;137m▓[38;5;143;48;5;101m▓[38;5;231;48;5;231m▓[38;5;231;48;5;231m▓[38;5;231;48;5;231m▓[38;5;241;48;5;241m▓[38;5;79;48;5;241m▓[38;5;72;48;5;59m▓[38;5;79;48;5;241m▓[38;5;72;48;5;59m▓[38;5;79;48;5;241m▓[38;5;72;48;5;241m▓[38;5;78;48;5;243m▓[38;5;79;48;5;243m▓[38;5;65;48;5;243m▓[38;5;65;48;5;243m▓[38;5;79;48;5;243m▓[38;5;79;48;5;243m▓[38;5;79;48;5;243m▓[38;5;79;48;5;243m▓[38;5;79;48;5;243m▓[38;5;65;48;5;244m▓[38;5;190;48;5;107m▓[38;5;136;48;5;137m▓[38;5;220;48;5;144m▓[38;5;144;48;5;137m▓[38;5;144;48;5;137m▓[38;5;220;48;5;137m▓[38;5;178;48;5;137m▓[38;5;144;48;5;137m▓[38;5;144;48;5;137m▓[38;5;144;48;5;137m▓[38;5;144;48;5;137m▓[38;5;144;48;5;137m▓[38;5;220;48;5;137m▓[38;5;144;48;5;143m▓[38;5;144;48;5;143m▓[38;5;79;48;5;242m▓[38;5;65;48;5;241m▓[38;5;72;48;5;59m▓[38;5;79;48;5;241m▓[38;5;242;48;5;241m▓[38;5;242;48;5;241m▓[38;5;72;48;5;59m▓[38;5;79;48;5;241m▓[38;5;79;48;5;241m▓[38;5;241;48;5;241m▓[38;5;241;48;5;241m▓[38;5;231;48;5;231m▓[38;5;231;48;5;231m▓[38;5;231;48;5;231m▓[38;5;231;48;5;231m▓[38;5;231;48;5;231m▓[38;5;231;48;5;231m▓[38;5;231;48;5;231m▓[38;5;231;48;5;231m▓[38;5;231;48;5;231m▓[38;5;231;48;5;231m▓[38;5;231;48;5;231m▓[38;5;231;48;5;231m▓[38;5;231;48;5;231m▓[38;5;231;48;5;231m▓[38;5;101;48;5;144m▓[38;5;220;48;5;144m▓[38;5;190;48;5;101m▓[38;5;241;48;5;241m▓[38;5;84;48;5;243m▓[38;5;84;48;5;243m▓[38;5;7;48;5;250m▓[38;5;231;48;5;231m▓[38;5;231;48;5;231m▓[0m
[38;5;231;48;5;231m▓[38;5;231;48;5;231m▓[38;5;231;48;5;231m▓[38;5;231;48;5;231m▓[38;5;231;48;5;231m▓[38;5;231;48;5;231m▓[38;5;231;48;5;231m▓[38;5;178;48;5;230m [38;5;221;48;5;221m [38;5;220;48;5;137m▒[38;5;144;48;5;143m▓[38;5;220;48;5;137m▓[38;5;220;48;5;144m▓[38;5;231;48;5;231m▓[38;5;231;48;5;231m▓[38;5;72;48;5;240m▓[38;5;65;48;5;241m▓[38;5;231;48;5;231m▓[38;5;72;48;5;242m▓[38;5;72;48;5;59m▓[38;5;113;48;5;244m▓[38;5;79;48;5;243m▓[38;5;72;48;5;244m▓[38;5;79;48;5;243m▓[38;5;72;48;5;244m▓[38;5;79;48;5;243m▓[38;5;72;48;5;244m▓[38;5;79;48;5;243m▓[38;5;72;48;5;244m▓[38;5;79;48;5;243m▓[38;5;113;48;5;244m▓[38;5;107;48;5;243m▓[38;5;113;48;5;244m▓[38;5;84;48;5;243m▓[38;5;79;48;5;243m▓[38;5;107;48;5;243m▓[38;5;191;48;5;247m▓[38;5;220;48;5;143m▓[38;5;144;48;5;143m▓[38;5;144;48;5;137m▓[38;5;144;48;5;143m▓[38;5;144;48;5;137m▓[38;5;144;48;5;143m▓[38;5;178;48;5;137m▓[38;5;144;48;5;143m▓[38;5;60;48;5;241m▓[38;5;72;48;5;241m▓[38;5;220;48;5;244m▓[38;5;190;48;5;102m▓[38;5;65;48;5;241m▓[38;5;101;48;5;244m▓[38;5;66;48;5;241m▓[38;5;72;48;5;241m▓[38;5;79;48;5;241m▓[38;5;72;48;5;241m▓[38;5;72;48;5;241m▓[38;5;94;48;5;243m▓[38;5;72;48;5;59m▓[38;5;231;48;5;231m▓[38;5;231;48;5;231m▓[38;5;246;48;5;246m▓[38;5;72;48;5;241m▓[38;5;66;48;5;241m▓[38;5;231;48;5;231m▓[38;5;231;48;5;231m▓[38;5;231;48;5;231m▓[38;5;231;48;5;231m▓[38;5;231;48;5;231m▓[38;5;231;48;5;231m▓[38;5;231;48;5;231m▓[38;5;231;48;5;231m▓[38;5;144;48;5;137m▓[38;5;144;48;5;143m▓[38;5;101;48;5;59m▓[38;5;78;48;5;241m▓[38;5;84;48;5;243m▓[38;5;84;48;5;243m▓[38;5;7;48;5;250m▓[38;5;231;48;5;231m▓[38;5;231;48;5;231m▓[0m
[38;5;231;48;5;231m▓[38;5;231;48;5;231m▓[38;5;231;48;5;231m▓[38;5;190;48;5;144m▓[38;5;231;48;5;231m▓[38;5;231;48;5;231m▓[38;5;231;48;5;231m▓[38;5;231;48;5;231m▓[38;5;221;48;5;221m [38;5;221;48;5;222m░[38;5;144;48;5;137m▓[38;5;144;48;5;137m▓[38;5;144;48;5;137m▓[38;5;220;48;5;143m▓[38;5;101;48;5;144m▓[38;5;231;48;5;231m▓[38;5;231;48;5;231m▓[38;5;231;48;5;231m▓[38;5;231;48;5;231m▓[38;5;231;48;5;231m▓[38;5;65;48;5;243m▓[38;5;78;48;5;243m▓[38;5;79;48;5;243m▓[38;5;65;48;5;244m▓[38;5;65;48;5;243m▓[38;5;32;48;5;231m▓[38;5;231;48;5;231m▓[38;5;231;48;5;231m▓[38;5;65;48;5;244m▓[38;5;107;48;5;243m▓[38;5;65;48;5;243m▓[38;5;79;48;5;243m▓[38;5;72;48;5;244m▓[38;5;78;48;5;243m▓[38;5;79;48;5;243m▓[38;5;65;48;5;243m▓[38;5;65;48;5;243m▓[38;5;79;48;5;243m▓[38;5;72;48;5;244m▓[38;5;79;48;5;243m▓[38;5;84;48;5;243m▓[38;5;82;48;5;244m▓[38;5;144;48;5;144m▓[38;5;143;48;5;101m▓[38;5;242;48;5;242m▓[38;5;72;48;5;59m▓[38;5;191;48;5;240m▓[38;5;94;48;5;102m▓[38;5;101;48;5;59m▓[38;5;220;48;5;244m▓[38;5;107;48;5;243m▓[38;5;65;48;5;241m▓[38;5;79;48;5;241m▓[38;5;78;48;5;241m▓[38;5;101;48;5;241m▓[38;5;136;48;5;243m▓[38;5;65;48;5;241m▓[38;5;72;48;5;59m▓[38;5;78;48;5;241m▓[38;5;72;48;5;241m▓[38;5;101;48;5;240m▓[38;5;66;48;5;59m▓[38;5;65;48;5;254m▓[38;5;231;48;5;231m▓[38;5;190;48;5;248m▓[38;5;144;48;5;254m▓[38;5;231;48;5;231m▓[38;5;231;48;5;231m▓[38;5;231;48;5;231m▓[38;5;231;48;5;231m▓[38;5;231;48;5;231m▓[38;5;60;48;5;242m▓[38;5;66;48;5;59m▓[38;5;79;48;5;241m▓[38;5;241;48;5;59m▓[38;5;84;48;5;243m▓[38;5;84;48;5;243m▓[38;5;7;48;5;7m▓[38;5;231;48;5;231m▓[38;5;231;48;5;231m▓[0m
[38;5;231;48;5;231m▓[38;5;231;48;5;231m▓[38;5;231;48;5;231m▓[38;5;231;48;5;231m▓[38;5;144;48;5;137m▓[38;5;190;48;5;144m▓[38;5;231;48;5;231m▓[38;5;231;48;5;231m▓[38;5;221;48;5;223m░[38;5;94;48;5;221m [38;5;94;48;5;222m░[38;5;221;48;5;222m░[38;5;220;48;5;137m▓[38;5;144;48;5;137m▓[38;5;144;48;5;137m▓[38;5;72;48;5;241m▓[38;5;78;48;5;241m▓[38;5;79;48;5;241m▓[38;5;72;48;5;59m▓[38;5;65;48;5;242m▓[38;5;231;48;5;231m▓[38;5;119;48;5;244m▓[38;5;66;48;5;252m▓[38;5;231;48;5;231m▓[38;5;220;48;5;144m▓[38;5;220;48;5;143m▓[38;5;144;48;5;143m▓[38;5;186;48;5;255m▒[38;5;65;48;5;244m▓[38;5;65;48;5;243m▓[38;5;78;48;5;243m▓[38;5;65;48;5;243m▓[38;5;231;48;5;231m▓[38;5;231;48;5;231m▓[38;5;231;48;5;231m▓[38;5;231;48;5;231m▓[38;5;231;48;5;231m▓[38;5;231;48;5;231m▓[38;5;231;48;5;231m▓[38;5;231;48;5;231m▓[38;5;231;48;5;231m▓[38;5;231;48;5;231m▓[38;5;231;48;5;231m▓[38;5;242;48;5;241m▓[38;5;79;48;5;241m▓[38;5;66;48;5;241m▓[38;5;79;48;5;241m▓[38;5;79;48;5;241m▓[38;5;190;48;5;102m▓[38;5;190;48;5;244m▓[38;5;72;48;5;59m▓[38;5;79;48;5;241m▓[38;5;79;48;5;241m▓[38;5;79;48;5;241m▓[38;5;220;48;5;243m▓[38;5;101;48;5;241m▓[38;5;242;48;5;241m▓[38;5;72;48;5;59m▓[38;5;68;48;5;59m▓[38;5;178;48;5;243m▓[38;5;101;48;5;59m▓[38;5;72;48;5;243m▓[38;5;231;48;5;231m▓[38;5;66;48;5;241m▓[38;5;191;48;5;237m▓[38;5;101;48;5;144m▓[38;5;144;48;5;137m▓[38;5;178;48;5;137m▓[38;5;65;48;5;241m▓[38;5;65;48;5;240m▓[38;5;66;48;5;59m▓[38;5;78;48;5;241m▓[38;5;79;48;5;241m▓[38;5;242;48;5;241m▓[38;5;72;48;5;59m▓[38;5;107;48;5;243m▓[38;5;72;48;5;243m▓[38;5;231;48;5;231m▓[38;5;231;48;5;231m▓[38;5;231;48;5;231m▓[0m
[38;5;231;48;5;231m▓[38;5;231;48;5;231m▓[38;5;231;48;5;231m▓[38;5;231;48;5;231m▓[38;5;231;48;5;231m▓[38;5;220;48;5;137m▓[38;5;144;48;5;143m▓[38;5;78;48;5;241m▓[38;5;231;48;5;231m▓[38;5;94;48;5;221m [38;5;94;48;5;222m░[38;5;220;48;5;143m▓[38;5;220;48;5;137m▓[38;5;178;48;5;185m▒[38;5;220;48;5;137m▓[38;5;72;48;5;241m▓[38;5;79;48;5;241m▓[38;5;79;48;5;241m▓[38;5;79;48;5;241m▓[38;5;79;48;5;241m▓[38;5;72;48;5;243m▓[38;5;144;48;5;187m▓[38;5;220;48;5;101m▓[38;5;144;48;5;137m▓[38;5;144;48;5;137m▓[38;5;144;48;5;137m▓[38;5;144;48;5;143m▓[38;5;220;48;5;144m▓[38;5;231;48;5;231m▓[38;5;72;48;5;243m▓[38;5;84;48;5;243m▓[38;5;231;48;5;231m▓[38;5;231;48;5;231m▓[38;5;231;48;5;231m▓[38;5;231;48;5;231m▓[38;5;231;48;5;231m▓[38;5;231;48;5;231m▓[38;5;231;48;5;231m▓[38;5;231;48;5;231m▓[38;5;231;48;5;231m▓[38;5;231;48;5;231m▓[38;5;231;48;5;231m▓[38;5;66;48;5;242m▓[38;5;79;48;5;59m▓[38;5;101;48;5;241m▓[38;5;101;48;5;242m▓[38;5;66;48;5;241m▓[38;5;79;48;5;241m▓[38;5;190;48;5;239m▓[38;5;221;48;5;244m▓[38;5;101;48;5;243m▓[38;5;65;48;5;59m▓[38;5;65;48;5;241m▓[38;5;101;48;5;240m▓[38;5;178;48;5;243m▓[38;5;148;48;5;244m▓[38;5;66;48;5;242m▓[38;5;136;48;5;243m▓[38;5;220;48;5;244m▓[38;5;101;48;5;59m▓[38;5;79;48;5;241m▓[38;5;231;48;5;231m▓[38;5;72;48;5;59m▓[38;5;79;48;5;241m▓[38;5;72;48;5;241m▓[38;5;79;48;5;241m▓[38;5;79;48;5;241m▓[38;5;79;48;5;241m▓[38;5;79;48;5;241m▓[38;5;79;48;5;241m▓[38;5;79;48;5;241m▓[38;5;79;48;5;241m▓[38;5;79;48;5;241m▓[38;5;65;48;5;241m▓[38;5;65;48;5;243m▓[38;5;72;48;5;243m▓[38;5;65;48;5;244m▓[38;5;231;48;5;231m▓[38;5;231;48;5;231m▓[38;5;231;48;5;231m▓[0m
[38;5;231;48;5;231m▓[38;5;231;48;5;231m▓[38;5;231;48;5;231m▓[38;5;231;48;5;231m▓[38;5;231;48;5;231m▓[38;5;231;48;5;231m▓[38;5;220;48;5;144m▓[38;5;101;48;5;144m▓[38;5;78;48;5;241m▓[38;5;96;48;5;241m▓[38;5;221;48;5;221m░[38;5;221;48;5;221m░[38;5;221;48;5;179m▒[38;5;144;48;5;143m▓[38;5;144;48;5;143m▓[38;5;101;48;5;242m▓[38;5;72;48;5;241m▓[38;5;66;48;5;59m▓[38;5;79;48;5;241m▓[38;5;79;48;5;241m▓[38;5;241;48;5;240m▓[38;5;94;48;5;222m░[38;5;214;48;5;222m░[38;5;220;48;5;143m▓[38;5;144;48;5;143m▓[38;5;178;48;5;137m▓[38;5;144;48;5;143m▓[38;5;220;48;5;137m▓[38;5;231;48;5;231m▓[38;5;65;48;5;243m▓[38;5;188;48;5;188m▓[38;5;231;48;5;231m▓[38;5;231;48;5;231m▓[38;5;231;48;5;231m▓[38;5;231;48;5;231m▓[38;5;231;48;5;231m▓[38;5;231;48;5;231m▓[38;5;231;48;5;231m▓[38;5;231;48;5;231m▓[38;5;231;48;5;231m▓[38;5;231;48;5;231m▓[38;5;79;48;5;59m▓[38;5;78;48;5;241m▓[38;5;149;48;5;59m▓[38;5;178;48;5;243m▓[38;5;242;48;5;241m▓[38;5;72;48;5;241m▓[38;5;66;48;5;241m▓[38;5;242;48;5;242m▓[38;5;220;48;5;242m▓[38;5;68;48;5;241m▓[38;5;69;48;5;241m▓[38;5;242;48;5;241m▓[38;5;65;48;5;241m▓[38;5;214;48;5;243m▓[38;5;220;48;5;239m▓[38;5;241;48;5;59m▓[38;5;72;48;5;239m▓[38;5;78;48;5;241m▓[38;5;72;48;5;59m▓[38;5;231;48;5;231m▓[38;5;247;48;5;247m▓[38;5;72;48;5;240m▓[38;5;79;48;5;241m▓[38;5;72;48;5;241m▓[38;5;79;48;5;241m▓[38;5;79;48;5;241m▓[38;5;79;48;5;241m▓[38;5;79;48;5;241m▓[38;5;79;48;5;241m▓[38;5;72;48;5;241m▓[38;5;72;48;5;241m▓[38;5;78;48;5;242m▓[38;5;79;48;5;243m▓[38;5;84;48;5;243m▓[38;5;72;48;5;244m▓[38;5;231;48;5;231m▓[38;5;231;48;5;231m▓[38;5;231;48;5;231m▓[38;5;231;48;5;231m▓[0m
[38;5;231;48;5;231m▓[38;5;231;48;5;231m▓[38;5;231;48;5;231m▓[38;5;231;48;5;231m▓[38;5;231;48;5;231m▓[38;5;231;48;5;231m▓[38;5;230;48;5;231m [38;5;178;48;5;137m▓[38;5;144;48;5;101m▓[38;5;65;48;5;59m▓[38;5;66;48;5;240m▓[38;5;221;48;5;222m░[38;5;221;48;5;221m░[38;5;144;48;5;143m▓[38;5;144;48;5;143m▓[38;5;144;48;5;143m▓[38;5;220;48;5;137m▓[38;5;101;48;5;240m▓[38;5;79;48;5;241m▓[38;5;79;48;5;241m▓[38;5;69;48;5;241m▓[38;5;94;48;5;179m▒[38;5;172;48;5;222m [38;5;136;48;5;180m▒[38;5;220;48;5;137m▓[38;5;144;48;5;137m▓[38;5;220;48;5;137m▓[38;5;101;48;5;144m▓[38;5;60;48;5;244m▓[38;5;250;48;5;250m▓[38;5;231;48;5;231m▓[38;5;231;48;5;231m▓[38;5;231;48;5;231m▓[38;5;231;48;5;231m▓[38;5;231;48;5;231m▓[38;5;231;48;5;231m▓[38;5;231;48;5;231m▓[38;5;231;48;5;231m▓[38;5;231;48;5;231m▓[38;5;231;48;5;231m▓[38;5;244;48;5;244m▓[38;5;66;48;5;240m▓[38;5;72;48;5;241m▓[38;5;101;48;5;59m▓[38;5;94;48;5;243m▓[38;5;190;48;5;243m▓[38;5;66;48;5;241m▓[38;5;148;48;5;59m▓[38;5;221;48;5;243m▓[38;5;101;48;5;241m▓[38;5;72;48;5;242m▓[38;5;79;48;5;242m▓[38;5;79;48;5;241m▓[38;5;136;48;5;244m▓[38;5;78;48;5;240m▓[38;5;221;48;5;59m▓[38;5;190;48;5;243m▓[38;5;69;48;5;241m▓[38;5;72;48;5;59m▓[38;5;231;48;5;231m▓[38;5;231;48;5;231m▓[38;5;231;48;5;231m▓[38;5;231;48;5;231m▓[38;5;72;48;5;59m▓[38;5;72;48;5;241m▓[38;5;79;48;5;241m▓[38;5;79;48;5;241m▓[38;5;79;48;5;241m▓[38;5;79;48;5;241m▓[38;5;79;48;5;241m▓[38;5;72;48;5;59m▓[38;5;72;48;5;243m▓[38;5;78;48;5;243m▓[38;5;78;48;5;243m▓[38;5;72;48;5;243m▓[38;5;231;48;5;231m▓[38;5;231;48;5;231m▓[38;5;231;48;5;231m▓[38;5;231;48;5;231m▓[38;5;231;48;5;231m▓[0m
[38;5;231;48;5;231m▓[38;5;231;48;5;231m▓[38;5;231;48;5;231m▓[38;5;231;48;5;231m▓[38;5;231;48;5;231m▓[38;5;231;48;5;231m▓[38;5;231;48;5;231m▓[38;5;231;48;5;231m▓[38;5;179;48;5;255m▒[38;5;144;48;5;143m▓[38;5;144;48;5;101m▓[38;5;60;48;5;241m▓[38;5;94;48;5;137m▓[38;5;94;48;5;221m [38;5;221;48;5;221m [38;5;178;48;5;137m▓[38;5;144;48;5;143m▓[38;5;190;48;5;59m▓[38;5;79;48;5;241m▓[38;5;79;48;5;241m▓[38;5;74;48;5;241m▓[38;5;220;48;5;94m▒[38;5;221;48;5;221m [38;5;94;48;5;221m [38;5;144;48;5;137m▓[38;5;220;48;5;137m▓[38;5;190;48;5;245m▓[38;5;66;48;5;59m▓[38;5;72;48;5;241m▓[38;5;72;48;5;241m▓[38;5;137;48;5;240m▓[38;5;136;48;5;144m▓[38;5;221;48;5;221m [38;5;78;48;5;253m▓[38;5;231;48;5;231m▓[38;5;231;48;5;231m▓[38;5;231;48;5;231m▓[38;5;231;48;5;231m▓[38;5;231;48;5;231m▓[38;5;66;48;5;7m▓[38;5;72;48;5;59m▓[38;5;79;48;5;241m▓[38;5;79;48;5;241m▓[38;5;60;48;5;240m▓[38;5;136;48;5;243m▓[38;5;65;48;5;241m▓[38;5;65;48;5;241m▓[38;5;178;48;5;242m▓[38;5;242;48;5;241m▓[38;5;67;48;5;59m▓[38;5;94;48;5;222m░[38;5;172;48;5;244m▓[38;5;65;48;5;240m▓[38;5;67;48;5;59m▓[38;5;101;48;5;59m▓[38;5;221;48;5;243m▓[38;5;67;48;5;241m▓[38;5;242;48;5;241m▓[38;5;231;48;5;231m▓[38;5;231;48;5;231m▓[38;5;221;48;5;221m░[38;5;220;48;5;101m▓[38;5;190;48;5;145m▓[38;5;231;48;5;231m▓[38;5;66;48;5;254m▓[38;5;231;48;5;231m▓[38;5;231;48;5;231m▓[38;5;65;48;5;242m▓[38;5;79;48;5;59m▓[38;5;72;48;5;242m▓[38;5;65;48;5;243m▓[38;5;107;48;5;243m▓[38;5;107;48;5;243m▓[38;5;65;48;5;244m▓[38;5;231;48;5;231m▓[38;5;231;48;5;231m▓[38;5;231;48;5;231m▓[38;5;231;48;5;231m▓[38;5;231;48;5;231m▓[38;5;231;48;5;231m▓[0m
[38;5;231;48;5;231m▓[38;5;231;48;5;231m▓[38;5;231;48;5;231m▓[38;5;231;48;5;231m▓[38;5;231;48;5;231m▓[38;5;231;48;5;231m▓[38;5;231;48;5;231m▓[38;5;231;48;5;231m▓[38;5;231;48;5;231m▓[38;5;231;48;5;231m▓[38;5;231;48;5;231m▓[38;5;144;48;5;137m▓[38;5;144;48;5;143m▓[38;5;64;48;5;238m▓[38;5;214;48;5;221m [38;5;136;48;5;179m░[38;5;136;48;5;179m▒[38;5;230;48;5;231m [38;5;231;48;5;231m▓[38;5;79;48;5;241m▓[38;5;79;48;5;59m▓[38;5;136;48;5;59m▓[38;5;221;48;5;221m░[38;5;220;48;5;144m▓[38;5;144;48;5;143m▓[38;5;190;48;5;239m▓[38;5;65;48;5;59m▓[38;5;66;48;5;241m▓[38;5;79;48;5;241m▓[38;5;72;48;5;59m▓[38;5;220;48;5;144m▓[38;5;94;48;5;221m░[38;5;221;48;5;222m░[38;5;78;48;5;102m▓[38;5;231;48;5;231m▓[38;5;231;48;5;231m▓[38;5;231;48;5;231m▓[38;5;231;48;5;231m▓[38;5;231;48;5;231m▓[38;5;65;48;5;244m▓[38;5;79;48;5;241m▓[38;5;79;48;5;59m▓[38;5;101;48;5;244m▓[38;5;136;48;5;243m▓[38;5;220;48;5;102m▓[38;5;82;48;5;240m▓[38;5;66;48;5;59m▓[38;5;72;48;5;240m▓[38;5;221;48;5;242m▓[38;5;220;48;5;243m▓[38;5;136;48;5;221m░[38;5;79;48;5;59m▓[38;5;242;48;5;241m▓[38;5;101;48;5;240m▓[38;5;214;48;5;243m▓[38;5;79;48;5;241m▓[38;5;72;48;5;59m▓[38;5;250;48;5;250m▓[38;5;231;48;5;231m▓[38;5;221;48;5;221m░[38;5;221;48;5;221m [38;5;220;48;5;137m▒[38;5;136;48;5;137m▒[38;5;220;48;5;137m▓[38;5;220;48;5;138m▓[38;5;220;48;5;249m▓[38;5;220;48;5;137m▓[38;5;136;48;5;251m▓[38;5;231;48;5;231m▓[38;5;84;48;5;243m▓[38;5;78;48;5;243m▓[38;5;79;48;5;243m▓[38;5;79;48;5;243m▓[38;5;231;48;5;231m▓[38;5;231;48;5;231m▓[38;5;231;48;5;231m▓[38;5;231;48;5;231m▓[38;5;231;48;5;231m▓[38;5;231;48;5;231m▓[38;5;231;48;5;231m▓[0m
[38;5;231;48;5;231m▓[38;5;231;48;5;231m▓[38;5;231;48;5;231m▓[38;5;231;48;5;231m▓[38;5;231;48;5;231m▓[38;5;231;48;5;231m▓[38;5;231;48;5;231m▓[38;5;231;48;5;231m▓[38;5;231;48;5;231m▓[38;5;231;48;5;231m▓[38;5;231;48;5;231m▓[38;5;231;48;5;231m▓[38;5;101;48;5;249m▓[38;5;220;48;5;137m▓[38;5;242;48;5;241m▓[38;5;221;48;5;222m░[38;5;94;48;5;222m [38;5;101;48;5;240m▓[38;5;255;48;5;255m▓[38;5;231;48;5;231m▓[38;5;65;48;5;242m▓[38;5;101;48;5;239m▓[38;5;221;48;5;221m░[38;5;221;48;5;185m░[38;5;101;48;5;242m▓[38;5;231;48;5;231m▓[38;5;78;48;5;241m▓[38;5;79;48;5;241m▓[38;5;241;48;5;59m▓[38;5;154;48;5;238m▓[38;5;143;48;5;137m▓[38;5;136;48;5;179m▒[38;5;220;48;5;143m▒[38;5;66;48;5;243m▓[38;5;231;48;5;231m▓[38;5;231;48;5;231m▓[38;5;231;48;5;231m▓[38;5;231;48;5;231m▓[38;5;231;48;5;231m▓[38;5;231;48;5;231m▓[38;5;101;48;5;246m▓[38;5;72;48;5;59m▓[38;5;79;48;5;241m▓[38;5;66;48;5;59m▓[38;5;137;48;5;59m▓[38;5;190;48;5;243m▓[38;5;107;48;5;239m▓[38;5;242;48;5;241m▓[38;5;94;48;5;242m▓[38;5;94;48;5;179m▒[38;5;214;48;5;221m [38;5;241;48;5;59m▓[38;5;242;48;5;241m▓[38;5;220;48;5;244m▓[38;5;190;48;5;244m▓[38;5;72;48;5;241m▓[38;5;66;48;5;242m▓[38;5;231;48;5;231m▓[38;5;94;48;5;222m░[38;5;136;48;5;137m▒[38;5;178;48;5;137m▓[38;5;178;48;5;186m░[38;5;221;48;5;221m [38;5;220;48;5;143m▓[38;5;220;48;5;143m▓[38;5;144;48;5;137m▓[38;5;144;48;5;143m▓[38;5;144;48;5;137m▓[38;5;220;48;5;137m▓[38;5;231;48;5;231m▓[38;5;107;48;5;243m▓[38;5;79;48;5;243m▓[38;5;72;48;5;244m▓[38;5;231;48;5;231m▓[38;5;231;48;5;231m▓[38;5;231;48;5;231m▓[38;5;231;48;5;231m▓[38;5;231;48;5;231m▓[38;5;231;48;5;231m▓[38;5;231;48;5;231m▓[0m
[38;5;231;48;5;231m▓[38;5;231;48;5;231m▓[38;5;231;48;5;231m▓[38;5;231;48;5;231m▓[38;5;231;48;5;231m▓[38;5;231;48;5;231m▓[38;5;231;48;5;231m▓[38;5;231;48;5;231m▓[38;5;137;48;5;59m▓[38;5;148;48;5;242m▓[38;5;231;48;5;231m▓[38;5;231;48;5;231m▓[38;5;72;48;5;254m▓[38;5;65;48;5;59m▓[38;5;136;48;5;137m▓[38;5;67;48;5;240m▓[38;5;130;48;5;245m▓[38;5;137;48;5;241m▓[38;5;66;48;5;242m▓[38;5;66;48;5;241m▓[38;5;231;48;5;231m▓[38;5;231;48;5;231m▓[38;5;231;48;5;231m▓[38;5;231;48;5;231m▓[38;5;231;48;5;231m▓[38;5;231;48;5;231m▓[38;5;72;48;5;241m▓[38;5;241;48;5;59m▓[38;5;231;48;5;231m▓[38;5;144;48;5;101m▓[38;5;221;48;5;221m░[38;5;94;48;5;221m [38;5;221;48;5;240m▓[38;5;66;48;5;242m▓[38;5;231;48;5;231m▓[38;5;231;48;5;231m▓[38;5;231;48;5;231m▓[38;5;231;48;5;231m▓[38;5;231;48;5;231m▓[38;5;231;48;5;231m▓[38;5;94;48;5;242m▓[38;5;241;48;5;241m▓[38;5;66;48;5;240m▓[38;5;69;48;5;242m▓[38;5;107;48;5;241m▓[38;5;179;48;5;180m▒[38;5;179;48;5;179m░[38;5;94;48;5;221m [38;5;221;48;5;221m [38;5;221;48;5;221m░[38;5;101;48;5;59m▓[38;5;242;48;5;241m▓[38;5;79;48;5;241m▓[38;5;79;48;5;241m▓[38;5;149;48;5;59m▓[38;5;220;48;5;243m▓[38;5;231;48;5;231m▓[38;5;94;48;5;223m░[38;5;94;48;5;221m [38;5;221;48;5;221m░[38;5;178;48;5;137m▓[38;5;144;48;5;143m▓[38;5;220;48;5;143m▓[38;5;231;48;5;231m▓[38;5;231;48;5;231m▓[38;5;231;48;5;231m▓[38;5;231;48;5;231m▓[38;5;231;48;5;231m▓[38;5;220;48;5;143m▓[38;5;231;48;5;231m▓[38;5;107;48;5;243m▓[38;5;79;48;5;243m▓[38;5;79;48;5;243m▓[38;5;231;48;5;231m▓[38;5;231;48;5;231m▓[38;5;231;48;5;231m▓[38;5;231;48;5;231m▓[38;5;231;48;5;231m▓[38;5;231;48;5;231m▓[38;5;231;48;5;231m▓[0m
[38;5;231;48;5;231m▓[38;5;231;48;5;231m▓[38;5;231;48;5;231m▓[38;5;231;48;5;231m▓[38;5;231;48;5;231m▓[38;5;231;48;5;231m▓[38;5;231;48;5;231m▓[38;5;231;48;5;231m▓[38;5;242;48;5;242m▓[38;5;94;48;5;243m▓[38;5;65;48;5;241m▓[38;5;65;48;5;242m▓[38;5;231;48;5;231m▓[38;5;60;48;5;241m▓[38;5;66;48;5;241m▓[38;5;220;48;5;137m▓[38;5;101;48;5;240m▓[38;5;67;48;5;59m▓[38;5;239;48;5;239m▓[38;5;138;48;5;95m▓[38;5;79;48;5;240m▓[38;5;244;48;5;243m▓[38;5;231;48;5;231m▓[38;5;231;48;5;231m▓[38;5;231;48;5;231m▓[38;5;231;48;5;231m▓[38;5;231;48;5;231m▓[38;5;231;48;5;231m▓[38;5;231;48;5;231m▓[38;5;220;48;5;143m▓[38;5;144;48;5;143m▓[38;5;191;48;5;239m▓[38;5;107;48;5;240m▓[38;5;65;48;5;241m▓[38;5;231;48;5;231m▓[38;5;231;48;5;231m▓[38;5;231;48;5;231m▓[38;5;231;48;5;231m▓[38;5;231;48;5;231m▓[38;5;136;48;5;242m▓[38;5;101;48;5;244m▓[38;5;81;48;5;241m▓[38;5;136;48;5;144m▓[38;5;221;48;5;179m▒[38;5;172;48;5;179m▒[38;5;214;48;5;179m▒[38;5;94;48;5;179m▒[38;5;214;48;5;179m░[38;5;94;48;5;180m▒[38;5;101;48;5;243m▓[38;5;72;48;5;59m▓[38;5;79;48;5;241m▓[38;5;79;48;5;241m▓[38;5;245;48;5;245m▓[38;5;231;48;5;231m▓[38;5;231;48;5;231m▓[38;5;231;48;5;231m▓[38;5;144;48;5;143m▓[38;5;144;48;5;143m▓[38;5;178;48;5;137m▓[38;5;144;48;5;137m▓[38;5;220;48;5;137m▓[38;5;220;48;5;254m▓[38;5;144;48;5;252m▓[38;5;178;48;5;143m▓[38;5;144;48;5;143m▓[38;5;220;48;5;144m▓[38;5;231;48;5;231m▓[38;5;220;48;5;143m▓[38;5;231;48;5;231m▓[38;5;107;48;5;243m▓[38;5;79;48;5;243m▓[38;5;79;48;5;243m▓[38;5;231;48;5;231m▓[38;5;231;48;5;231m▓[38;5;231;48;5;231m▓[38;5;231;48;5;231m▓[38;5;231;48;5;231m▓[38;5;231;48;5;231m▓[38;5;231;48;5;231m▓[0m
[38;5;231;48;5;231m▓[38;5;231;48;5;231m▓[38;5;231;48;5;231m▓[38;5;231;48;5;231m▓[38;5;231;48;5;231m▓[38;5;231;48;5;231m▓[38;5;231;48;5;231m▓[38;5;231;48;5;231m▓[38;5;244;48;5;244m▓[38;5;178;48;5;243m▓[38;5;107;48;5;59m▓[38;5;66;48;5;241m▓[38;5;60;48;5;241m▓[38;5;79;48;5;241m▓[38;5;79;48;5;241m▓[38;5;107;48;5;239m▓[38;5;101;48;5;144m▓[38;5;137;48;5;240m▓[38;5;66;48;5;237m▓[38;5;65;48;5;240m▓[38;5;72;48;5;241m▓[38;5;101;48;5;242m▓[38;5;220;48;5;137m▓[38;5;144;48;5;101m▓[38;5;231;48;5;231m▓[38;5;231;48;5;231m▓[38;5;78;48;5;241m▓[38;5;231;48;5;231m▓[38;5;144;48;5;143m▓[38;5;220;48;5;143m▓[38;5;231;48;5;231m▓[38;5;65;48;5;241m▓[38;5;65;48;5;241m▓[38;5;231;48;5;231m▓[38;5;231;48;5;231m▓[38;5;231;48;5;231m▓[38;5;231;48;5;231m▓[38;5;231;48;5;231m▓[38;5;220;48;5;242m▓[38;5;220;48;5;243m▓[38;5;101;48;5;241m▓[38;5;66;48;5;59m▓[38;5;94;48;5;222m░[38;5;94;48;5;179m░[38;5;136;48;5;180m▒[38;5;101;48;5;59m▓[38;5;107;48;5;59m▓[38;5;221;48;5;243m▓[38;5;220;48;5;243m▓[38;5;101;48;5;59m▓[38;5;78;48;5;241m▓[38;5;231;48;5;231m▓[38;5;231;48;5;231m▓[38;5;231;48;5;231m▓[38;5;231;48;5;231m▓[38;5;231;48;5;231m▓[38;5;231;48;5;231m▓[38;5;136;48;5;222m░[38;5;94;48;5;221m [38;5;220;48;5;137m▓[38;5;220;48;5;137m▓[38;5;144;48;5;137m▓[38;5;231;48;5;231m▓[38;5;220;48;5;143m▓[38;5;220;48;5;144m▓[38;5;230;48;5;231m [38;5;101;48;5;144m▓[38;5;231;48;5;231m▓[38;5;220;48;5;144m▓[38;5;231;48;5;231m▓[38;5;107;48;5;243m▓[38;5;79;48;5;243m▓[38;5;79;48;5;243m▓[38;5;231;48;5;231m▓[38;5;231;48;5;231m▓[38;5;231;48;5;231m▓[38;5;231;48;5;231m▓[38;5;231;48;5;231m▓[38;5;231;48;5;231m▓[38;5;231;48;5;231m▓[0m
[38;5;231;48;5;231m▓[38;5;231;48;5;231m▓[38;5;231;48;5;231m▓[38;5;231;48;5;231m▓[38;5;231;48;5;231m▓[38;5;231;48;5;231m▓[38;5;231;48;5;231m▓[38;5;231;48;5;231m▓[38;5;231;48;5;231m▓[38;5;101;48;5;59m▓[38;5;113;48;5;239m▓[38;5;178;48;5;243m▓[38;5;101;48;5;241m▓[38;5;79;48;5;241m▓[38;5;79;48;5;241m▓[38;5;242;48;5;241m▓[38;5;69;48;5;241m▓[38;5;107;48;5;250m▓[38;5;231;48;5;231m▓[38;5;79;48;5;243m▓[38;5;101;48;5;246m▓[38;5;220;48;5;137m▓[38;5;144;48;5;143m▓[38;5;144;48;5;101m▓[38;5;66;48;5;59m▓[38;5;66;48;5;59m▓[38;5;231;48;5;231m▓[38;5;231;48;5;231m▓[38;5;231;48;5;231m▓[38;5;231;48;5;231m▓[38;5;231;48;5;231m▓[38;5;231;48;5;231m▓[38;5;231;48;5;231m▓[38;5;231;48;5;231m▓[38;5;231;48;5;231m▓[38;5;214;48;5;186m░[38;5;179;48;5;137m▒[38;5;101;48;5;243m▓[38;5;220;48;5;243m▓[38;5;172;48;5;243m▓[38;5;136;48;5;243m▓[38;5;242;48;5;241m▓[38;5;94;48;5;222m░[38;5;94;48;5;221m [38;5;221;48;5;221m [38;5;221;48;5;221m░[38;5;221;48;5;243m▓[38;5;178;48;5;243m▓[38;5;221;48;5;180m▒[38;5;179;48;5;179m░[38;5;94;48;5;179m▒[38;5;179;48;5;179m▒[38;5;179;48;5;179m▒[38;5;221;48;5;179m▒[38;5;231;48;5;231m▓[38;5;231;48;5;231m▓[38;5;231;48;5;231m▓[38;5;231;48;5;231m▓[38;5;231;48;5;231m▓[38;5;144;48;5;143m▓[38;5;143;48;5;137m▓[38;5;144;48;5;143m▓[38;5;144;48;5;101m▓[38;5;231;48;5;231m▓[38;5;220;48;5;143m▓[38;5;220;48;5;137m▓[38;5;220;48;5;137m▓[38;5;220;48;5;137m▓[38;5;220;48;5;144m▓[38;5;231;48;5;231m▓[38;5;107;48;5;243m▓[38;5;79;48;5;243m▓[38;5;72;48;5;244m▓[38;5;231;48;5;231m▓[38;5;231;48;5;231m▓[38;5;231;48;5;231m▓[38;5;231;48;5;231m▓[38;5;231;48;5;231m▓[38;5;231;48;5;231m▓[38;5;231;48;5;231m▓[0m
[38;5;231;48;5;231m▓[38;5;231;48;5;231m▓[38;5;231;48;5;231m▓[38;5;231;48;5;231m▓[38;5;231;48;5;231m▓[38;5;231;48;5;231m▓[38;5;231;48;5;231m▓[38;5;231;48;5;231m▓[38;5;231;48;5;231m▓[38;5;136;48;5;242m▓[38;5;78;48;5;241m▓[38;5;178;48;5;243m▓[38;5;101;48;5;59m▓[38;5;242;48;5;242m▓[38;5;65;48;5;240m▓[38;5;72;48;5;241m▓[38;5;79;48;5;241m▓[38;5;72;48;5;240m▓[38;5;231;48;5;231m▓[38;5;231;48;5;231m▓[38;5;231;48;5;231m▓[38;5;144;48;5;143m▓[38;5;220;48;5;137m▓[38;5;191;48;5;238m▓[38;5;242;48;5;241m▓[38;5;242;48;5;241m▓[38;5;231;48;5;231m▓[38;5;231;48;5;231m▓[38;5;231;48;5;231m▓[38;5;231;48;5;231m▓[38;5;231;48;5;231m▓[38;5;231;48;5;231m▓[38;5;179;48;5;180m▒[38;5;231;48;5;231m▓[38;5;220;48;5;242m▓[38;5;94;48;5;221m░[38;5;221;48;5;222m░[38;5;101;48;5;244m▓[38;5;136;48;5;243m▓[38;5;101;48;5;242m▓[38;5;101;48;5;241m▓[38;5;242;48;5;242m▓[38;5;94;48;5;222m [38;5;214;48;5;179m░[38;5;214;48;5;179m▒[38;5;172;48;5;179m▒[38;5;94;48;5;179m░[38;5;221;48;5;137m▓[38;5;137;48;5;95m▓[38;5;94;48;5;179m▒[38;5;231;48;5;231m▓[38;5;231;48;5;231m▓[38;5;231;48;5;231m▓[38;5;231;48;5;231m▓[38;5;231;48;5;231m▓[38;5;231;48;5;231m▓[38;5;231;48;5;231m▓[38;5;231;48;5;231m▓[38;5;231;48;5;231m▓[38;5;231;48;5;231m▓[38;5;101;48;5;144m▓[38;5;220;48;5;137m▓[38;5;144;48;5;143m▓[38;5;220;48;5;137m▓[38;5;231;48;5;231m▓[38;5;101;48;5;144m▓[38;5;220;48;5;137m▓[38;5;220;48;5;143m▓[38;5;144;48;5;143m▓[38;5;231;48;5;231m▓[38;5;107;48;5;243m▓[38;5;79;48;5;243m▓[38;5;79;48;5;243m▓[38;5;231;48;5;231m▓[38;5;231;48;5;231m▓[38;5;231;48;5;231m▓[38;5;231;48;5;231m▓[38;5;231;48;5;231m▓[38;5;231;48;5;231m▓[38;5;231;48;5;231m▓[0m
[38;5;231;48;5;231m▓[38;5;231;48;5;231m▓[38;5;231;48;5;231m▓[38;5;231;48;5;231m▓[38;5;231;48;5;231m▓[38;5;172;48;5;223m [38;5;231;48;5;231m▓[38;5;231;48;5;231m▓[38;5;231;48;5;231m▓[38;5;190;48;5;246m▓[38;5;60;48;5;241m▓[38;5;149;48;5;243m▓[38;5;76;48;5;242m▓[38;5;94;48;5;144m▓[38;5;220;48;5;242m▓[38;5;72;48;5;241m▓[38;5;72;48;5;241m▓[38;5;242;48;5;241m▓[38;5;220;48;5;243m▓[38;5;220;48;5;102m▓[38;5;231;48;5;231m▓[38;5;231;48;5;231m▓[38;5;144;48;5;253m▓[38;5;220;48;5;144m▓[38;5;101;48;5;59m▓[38;5;220;48;5;143m▓[38;5;101;48;5;248m▓[38;5;231;48;5;231m▓[38;5;231;48;5;231m▓[38;5;231;48;5;231m▓[38;5;231;48;5;231m▓[38;5;179;48;5;179m▒[38;5;221;48;5;221m░[38;5;172;48;5;244m▓[38;5;190;48;5;242m▓[38;5;136;48;5;186m▒[38;5;220;48;5;240m▒[38;5;220;48;5;241m▓[38;5;94;48;5;244m▓[38;5;221;48;5;242m▓[38;5;178;48;5;242m▓[38;5;65;48;5;59m▓[38;5;214;48;5;222m░[38;5;222;48;5;221m [38;5;172;48;5;180m▒[38;5;214;48;5;179m▒[38;5;221;48;5;179m▒[38;5;214;48;5;242m▓[38;5;221;48;5;245m▓[38;5;231;48;5;231m▓[38;5;231;48;5;231m▓[38;5;231;48;5;231m▓[38;5;231;48;5;231m▓[38;5;231;48;5;231m▓[38;5;231;48;5;231m▓[38;5;231;48;5;231m▓[38;5;231;48;5;231m▓[38;5;231;48;5;231m▓[38;5;231;48;5;231m▓[38;5;231;48;5;231m▓[38;5;190;48;5;253m▓[38;5;231;48;5;231m▓[38;5;220;48;5;144m▓[38;5;144;48;5;143m▓[38;5;144;48;5;143m▓[38;5;221;48;5;248m▓[38;5;231;48;5;231m▓[38;5;231;48;5;231m▓[38;5;231;48;5;231m▓[38;5;231;48;5;231m▓[38;5;107;48;5;243m▓[38;5;79;48;5;243m▓[38;5;79;48;5;243m▓[38;5;79;48;5;245m▓[38;5;231;48;5;231m▓[38;5;231;48;5;231m▓[38;5;231;48;5;231m▓[38;5;231;48;5;231m▓[38;5;231;48;5;231m▓[38;5;231;48;5;231m▓[0m
[38;5;231;48;5;231m▓[38;5;231;48;5;231m▓[38;5;231;48;5;231m▓[38;5;231;48;5;231m▓[38;5;231;48;5;231m▓[38;5;231;48;5;231m▓[38;5;221;48;5;221m░[38;5;214;48;5;222m░[38;5;231;48;5;231m▓[38;5;72;48;5;241m▓[38;5;101;48;5;59m▓[38;5;137;48;5;240m▓[38;5;60;48;5;242m▓[38;5;107;48;5;240m▓[38;5;190;48;5;241m▓[38;5;220;48;5;243m▓[38;5;220;48;5;244m▓[38;5;94;48;5;247m▓[38;5;220;48;5;243m▓[38;5;179;48;5;243m▓[38;5;136;48;5;243m▓[38;5;231;48;5;231m▓[38;5;231;48;5;231m▓[38;5;144;48;5;137m▓[38;5;101;48;5;144m▓[38;5;231;48;5;231m▓[38;5;231;48;5;231m▓[38;5;231;48;5;231m▓[38;5;231;48;5;231m▓[38;5;231;48;5;231m▓[38;5;172;48;5;180m▒[38;5;179;48;5;179m▒[38;5;94;48;5;221m [38;5;94;48;5;94m [38;5;221;48;5;222m░[38;5;101;48;5;244m▓[38;5;172;48;5;180m▒[38;5;94;48;5;179m▒[38;5;214;48;5;143m▒[38;5;94;48;5;222m░[38;5;214;48;5;180m▒[38;5;220;48;5;243m▓[38;5;221;48;5;179m▒[38;5;214;48;5;221m [38;5;137;48;5;243m▓[38;5;178;48;5;242m▓[38;5;136;48;5;243m▓[38;5;179;48;5;243m▓[38;5;220;48;5;243m▓[38;5;178;48;5;243m▓[38;5;231;48;5;231m▓[38;5;231;48;5;231m▓[38;5;231;48;5;231m▓[38;5;231;48;5;231m▓[38;5;231;48;5;231m▓[38;5;231;48;5;231m▓[38;5;231;48;5;231m▓[38;5;231;48;5;231m▓[38;5;231;48;5;231m▓[38;5;231;48;5;231m▓[38;5;231;48;5;231m▓[38;5;101;48;5;144m▓[38;5;231;48;5;231m▓[38;5;220;48;5;144m▓[38;5;144;48;5;143m▓[38;5;220;48;5;137m▓[38;5;101;48;5;245m▓[38;5;112;48;5;246m▓[38;5;78;48;5;243m▓[38;5;65;48;5;243m▓[38;5;78;48;5;243m▓[38;5;79;48;5;243m▓[38;5;79;48;5;243m▓[38;5;84;48;5;243m▓[38;5;65;48;5;243m▓[38;5;245;48;5;245m▓[38;5;231;48;5;231m▓[38;5;231;48;5;231m▓[38;5;231;48;5;231m▓[38;5;231;48;5;231m▓[0m
[38;5;231;48;5;231m▓[38;5;231;48;5;231m▓[38;5;231;48;5;231m▓[38;5;231;48;5;231m▓[38;5;231;48;5;231m▓[38;5;231;48;5;231m▓[38;5;179;48;5;179m▒[38;5;172;48;5;179m░[38;5;231;48;5;231m▓[38;5;65;48;5;253m▓[38;5;101;48;5;238m▓[38;5;221;48;5;101m▓[38;5;178;48;5;243m▓[38;5;94;48;5;238m▓[38;5;68;48;5;59m▓[38;5;69;48;5;241m▓[38;5;119;48;5;240m▓[38;5;221;48;5;222m░[38;5;220;48;5;243m▓[38;5;94;48;5;243m▓[38;5;101;48;5;244m▓[38;5;231;48;5;231m▓[38;5;231;48;5;231m▓[38;5;231;48;5;231m▓[38;5;231;48;5;231m▓[38;5;231;48;5;231m▓[38;5;231;48;5;231m▓[38;5;231;48;5;231m▓[38;5;231;48;5;231m▓[38;5;231;48;5;231m▓[38;5;94;48;5;179m▒[38;5;214;48;5;221m░[38;5;94;48;5;221m [38;5;94;48;5;221m [38;5;94;48;5;221m [38;5;94;48;5;186m▒[38;5;179;48;5;244m▓[38;5;221;48;5;221m░[38;5;94;48;5;221m [38;5;94;48;5;221m [38;5;214;48;5;186m▒[38;5;101;48;5;244m▓[38;5;136;48;5;221m░[38;5;221;48;5;221m [38;5;221;48;5;244m▓[38;5;179;48;5;95m▓[38;5;179;48;5;180m▒[38;5;94;48;5;222m░[38;5;136;48;5;221m░[38;5;231;48;5;231m▓[38;5;231;48;5;231m▓[38;5;222;48;5;223m░[38;5;231;48;5;231m▓[38;5;231;48;5;231m▓[38;5;231;48;5;231m▓[38;5;231;48;5;231m▓[38;5;231;48;5;231m▓[38;5;231;48;5;231m▓[38;5;231;48;5;231m▓[38;5;231;48;5;231m▓[38;5;231;48;5;231m▓[38;5;231;48;5;231m▓[38;5;220;48;5;143m▓[38;5;230;48;5;231m [38;5;101;48;5;250m▓[38;5;178;48;5;137m▓[38;5;220;48;5;143m▓[38;5;70;48;5;244m▓[38;5;144;48;5;137m▓[38;5;65;48;5;244m▓[38;5;65;48;5;243m▓[38;5;72;48;5;244m▓[38;5;72;48;5;244m▓[38;5;72;48;5;244m▓[38;5;72;48;5;244m▓[38;5;78;48;5;243m▓[38;5;231;48;5;231m▓[38;5;231;48;5;231m▓[38;5;231;48;5;231m▓[38;5;231;48;5;231m▓[0m
[38;5;231;48;5;231m▓[38;5;231;48;5;231m▓[38;5;231;48;5;231m▓[38;5;231;48;5;231m▓[38;5;231;48;5;231m▓[38;5;231;48;5;231m▓[38;5;94;48;5;179m▒[38;5;214;48;5;179m▒[38;5;231;48;5;231m▓[38;5;231;48;5;231m▓[38;5;172;48;5;235m [38;5;221;48;5;179m▒[38;5;101;48;5;243m▓[38;5;101;48;5;243m▓[38;5;214;48;5;221m [38;5;221;48;5;221m [38;5;221;48;5;180m▒[38;5;221;48;5;243m▓[38;5;130;48;5;95m▓[38;5;136;48;5;243m▓[38;5;231;48;5;231m▓[38;5;231;48;5;231m▓[38;5;231;48;5;231m▓[38;5;231;48;5;231m▓[38;5;231;48;5;231m▓[38;5;231;48;5;231m▓[38;5;231;48;5;231m▓[38;5;231;48;5;231m▓[38;5;178;48;5;230m [38;5;231;48;5;231m▓[38;5;221;48;5;221m░[38;5;94;48;5;221m [38;5;221;48;5;221m [38;5;94;48;5;221m [38;5;221;48;5;221m░[38;5;130;48;5;244m▓[38;5;221;48;5;243m▓[38;5;136;48;5;221m░[38;5;179;48;5;179m░[38;5;214;48;5;179m▒[38;5;101;48;5;243m▓[38;5;214;48;5;222m░[38;5;221;48;5;221m░[38;5;136;48;5;58m [38;5;130;48;5;244m▓[38;5;94;48;5;222m░[38;5;214;48;5;215m░[38;5;214;48;5;179m▒[38;5;94;48;5;221m [38;5;214;48;5;223m [38;5;178;48;5;222m░[38;5;222;48;5;222m░[38;5;231;48;5;231m▓[38;5;231;48;5;231m▓[38;5;231;48;5;231m▓[38;5;231;48;5;231m▓[38;5;231;48;5;231m▓[38;5;231;48;5;231m▓[38;5;231;48;5;231m▓[38;5;231;48;5;231m▓[38;5;231;48;5;231m▓[38;5;231;48;5;231m▓[38;5;231;48;5;231m▓[38;5;136;48;5;231m░[38;5;149;48;5;255m▒[38;5;231;48;5;231m▓[38;5;220;48;5;143m▓[38;5;231;48;5;231m▓[38;5;231;48;5;231m▓[38;5;231;48;5;231m▓[38;5;231;48;5;231m▓[38;5;72;48;5;244m▓[38;5;79;48;5;243m▓[38;5;79;48;5;243m▓[38;5;79;48;5;243m▓[38;5;78;48;5;243m▓[38;5;231;48;5;231m▓[38;5;231;48;5;231m▓[38;5;231;48;5;231m▓[38;5;231;48;5;231m▓[0m
[38;5;231;48;5;231m▓[38;5;231;48;5;231m▓[38;5;231;48;5;231m▓[38;5;231;48;5;231m▓[38;5;231;48;5;231m▓[38;5;231;48;5;231m▓[38;5;231;48;5;231m▓[38;5;214;48;5;222m [38;5;178;48;5;223m░[38;5;231;48;5;231m▓[38;5;94;48;5;221m [38;5;214;48;5;179m░[38;5;172;48;5;186m▒[38;5;214;48;5;137m▓[38;5;220;48;5;242m▓[38;5;172;48;5;95m▒[38;5;137;48;5;240m▓[38;5;38;48;5;241m▓[38;5;242;48;5;241m▓[38;5;66;48;5;59m▓[38;5;231;48;5;231m▓[38;5;178;48;5;221m░[38;5;231;48;5;231m▓[38;5;231;48;5;231m▓[38;5;231;48;5;231m▓[38;5;231;48;5;231m▓[38;5;231;48;5;231m▓[38;5;231;48;5;231m▓[38;5;220;48;5;230m [38;5;222;48;5;221m [38;5;221;48;5;221m░[38;5;221;48;5;221m [38;5;136;48;5;221m░[38;5;94;48;5;242m▓[38;5;179;48;5;241m▓[38;5;172;48;5;243m▓[38;5;178;48;5;242m▓[38;5;214;48;5;179m▒[38;5;172;48;5;180m▒[38;5;101;48;5;242m▓[38;5;221;48;5;240m▓[38;5;94;48;5;221m [38;5;221;48;5;136m░[38;5;172;48;5;137m▓[38;5;136;48;5;244m▓[38;5;94;48;5;221m░[38;5;94;48;5;221m░[38;5;179;48;5;179m░[38;5;179;48;5;179m▒[38;5;179;48;5;179m░[38;5;230;48;5;231m [38;5;231;48;5;231m▓[38;5;231;48;5;231m▓[38;5;231;48;5;231m▓[38;5;231;48;5;231m▓[38;5;231;48;5;231m▓[38;5;231;48;5;231m▓[38;5;231;48;5;231m▓[38;5;231;48;5;231m▓[38;5;231;48;5;231m▓[38;5;231;48;5;231m▓[38;5;231;48;5;231m▓[38;5;231;48;5;231m▓[38;5;231;48;5;231m▓[38;5;231;48;5;231m▓[38;5;231;48;5;231m▓[38;5;231;48;5;231m▓[38;5;101;48;5;248m▓[38;5;231;48;5;231m▓[38;5;231;48;5;231m▓[38;5;231;48;5;231m▓[38;5;231;48;5;231m▓[38;5;72;48;5;244m▓[38;5;79;48;5;243m▓[38;5;79;48;5;243m▓[38;5;78;48;5;243m▓[38;5;231;48;5;231m▓[38;5;231;48;5;231m▓[38;5;231;48;5;231m▓[38;5;231;48;5;231m▓[0m
[38;5;231;48;5;231m▓[38;5;231;48;5;231m▓[38;5;231;48;5;231m▓[38;5;231;48;5;231m▓[38;5;231;48;5;231m▓[38;5;231;48;5;231m▓[38;5;231;48;5;231m▓[38;5;214;48;5;221m [38;5;221;48;5;221m░[38;5;94;48;5;221m░[38;5;222;48;5;222m [38;5;221;48;5;221m░[38;5;94;48;5;221m [38;5;214;48;5;179m░[38;5;179;48;5;95m▓[38;5;94;48;5;239m▓[38;5;94;48;5;222m░[38;5;179;48;5;179m░[38;5;214;48;5;137m▓[38;5;94;48;5;186m▒[38;5;221;48;5;221m [38;5;231;48;5;231m▓[38;5;231;48;5;231m▓[38;5;231;48;5;231m▓[38;5;231;48;5;231m▓[38;5;231;48;5;231m▓[38;5;231;48;5;231m▓[38;5;231;48;5;231m▓[38;5;231;48;5;231m▓[38;5;94;48;5;221m [38;5;94;48;5;179m░[38;5;94;48;5;179m░[38;5;179;48;5;215m░[38;5;214;48;5;215m░[38;5;179;48;5;243m▓[38;5;221;48;5;221m░[38;5;172;48;5;137m▓[38;5;221;48;5;244m▓[38;5;136;48;5;240m▒[38;5;178;48;5;221m░[38;5;172;48;5;244m▓[38;5;172;48;5;95m▓[38;5;94;48;5;242m▓[38;5;94;48;5;180m▒[38;5;172;48;5;179m░[38;5;179;48;5;179m▒[38;5;94;48;5;179m░[38;5;94;48;5;179m░[38;5;94;48;5;180m▒[38;5;231;48;5;231m▓[38;5;231;48;5;231m▓[38;5;231;48;5;231m▓[38;5;231;48;5;231m▓[38;5;231;48;5;231m▓[38;5;231;48;5;231m▓[38;5;231;48;5;231m▓[38;5;231;48;5;231m▓[38;5;231;48;5;231m▓[38;5;231;48;5;231m▓[38;5;231;48;5;231m▓[38;5;231;48;5;231m▓[38;5;231;48;5;231m▓[38;5;231;48;5;231m▓[38;5;231;48;5;231m▓[38;5;231;48;5;231m▓[38;5;231;48;5;231m▓[38;5;231;48;5;231m▓[38;5;231;48;5;231m▓[38;5;231;48;5;231m▓[38;5;231;48;5;231m▓[38;5;231;48;5;231m▓[38;5;72;48;5;244m▓[38;5;78;48;5;243m▓[38;5;65;48;5;243m▓[38;5;65;48;5;243m▓[38;5;84;48;5;243m▓[38;5;231;48;5;231m▓[38;5;231;48;5;231m▓[38;5;231;48;5;231m▓[38;5;231;48;5;231m▓[0m
[38;5;231;48;5;231m▓[38;5;231;48;5;231m▓[38;5;231;48;5;231m▓[38;5;231;48;5;231m▓[38;5;231;48;5;231m▓[38;5;231;48;5;231m▓[38;5;231;48;5;231m▓[38;5;231;48;5;231m▓[38;5;221;48;5;222m░[38;5;214;48;5;221m [38;5;94;48;5;179m░[38;5;179;48;5;179m▒[38;5;221;48;5;179m░[38;5;94;48;5;221m [38;5;179;48;5;242m▓[38;5;214;48;5;243m▓[38;5;136;48;5;242m▓[38;5;214;48;5;179m▒[38;5;94;48;5;179m▒[38;5;214;48;5;221m [38;5;231;48;5;231m▓[38;5;231;48;5;231m▓[38;5;231;48;5;231m▓[38;5;231;48;5;231m▓[38;5;231;48;5;231m▓[38;5;231;48;5;231m▓[38;5;231;48;5;231m▓[38;5;231;48;5;231m▓[38;5;231;48;5;231m▓[38;5;231;48;5;231m▓[38;5;179;48;5;179m▒[38;5;179;48;5;179m▒[38;5;214;48;5;179m░[38;5;94;48;5;179m▒[38;5;136;48;5;94m▒[38;5;94;48;5;221m░[38;5;221;48;5;221m [38;5;221;48;5;186m▒[38;5;101;48;5;243m▓[38;5;94;48;5;179m▒[38;5;221;48;5;221m [38;5;179;48;5;180m▒[38;5;94;48;5;179m▒[38;5;172;48;5;243m▓[38;5;221;48;5;95m▓[38;5;179;48;5;179m░[38;5;214;48;5;180m▒[38;5;231;48;5;231m▓[38;5;231;48;5;231m▓[38;5;231;48;5;231m▓[38;5;231;48;5;231m▓[38;5;231;48;5;231m▓[38;5;231;48;5;231m▓[38;5;231;48;5;231m▓[38;5;231;48;5;231m▓[38;5;231;48;5;231m▓[38;5;231;48;5;231m▓[38;5;231;48;5;231m▓[38;5;231;48;5;231m▓[38;5;231;48;5;231m▓[38;5;231;48;5;231m▓[38;5;231;48;5;231m▓[38;5;231;48;5;231m▓[38;5;231;48;5;231m▓[38;5;231;48;5;231m▓[38;5;231;48;5;231m▓[38;5;231;48;5;231m▓[38;5;66;48;5;246m▓[38;5;84;48;5;231m▓[38;5;231;48;5;231m▓[38;5;113;48;5;243m▓[38;5;107;48;5;243m▓[38;5;113;48;5;244m▓[38;5;107;48;5;243m▓[38;5;66;48;5;244m▓[38;5;231;48;5;231m▓[38;5;231;48;5;231m▓[38;5;231;48;5;231m▓[38;5;231;48;5;231m▓[38;5;231;48;5;231m▓[0m
[38;5;231;48;5;231m▓[38;5;231;48;5;231m▓[38;5;231;48;5;231m▓[38;5;231;48;5;231m▓[38;5;231;48;5;231m▓[38;5;231;48;5;231m▓[38;5;231;48;5;231m▓[38;5;231;48;5;231m▓[38;5;231;48;5;231m▓[38;5;220;48;5;230m [38;5;179;48;5;179m▒[38;5;221;48;5;221m [38;5;94;48;5;179m▒[38;5;94;48;5;179m▒[38;5;221;48;5;137m▒[38;5;214;48;5;179m▒[38;5;179;48;5;179m▒[38;5;178;48;5;59m▓[38;5;101;48;5;243m▓[38;5;231;48;5;231m▓[38;5;231;48;5;231m▓[38;5;231;48;5;231m▓[38;5;231;48;5;231m▓[38;5;231;48;5;231m▓[38;5;231;48;5;231m▓[38;5;231;48;5;231m▓[38;5;231;48;5;231m▓[38;5;231;48;5;231m▓[38;5;231;48;5;231m▓[38;5;231;48;5;231m▓[38;5;231;48;5;231m▓[38;5;172;48;5;179m░[38;5;94;48;5;179m░[38;5;94;48;5;215m░[38;5;94;48;5;101m▒[38;5;136;48;5;244m▓[38;5;178;48;5;101m▓[38;5;221;48;5;221m [38;5;94;48;5;221m [38;5;94;48;5;221m [38;5;94;48;5;179m░[38;5;172;48;5;179m▒[38;5;214;48;5;179m░[38;5;221;48;5;179m▒[38;5;231;48;5;231m▓[38;5;231;48;5;231m▓[38;5;231;48;5;231m▓[38;5;231;48;5;231m▓[38;5;231;48;5;231m▓[38;5;231;48;5;231m▓[38;5;231;48;5;231m▓[38;5;231;48;5;231m▓[38;5;231;48;5;231m▓[38;5;231;48;5;231m▓[38;5;231;48;5;231m▓[38;5;231;48;5;231m▓[38;5;231;48;5;231m▓[38;5;231;48;5;231m▓[38;5;231;48;5;231m▓[38;5;231;48;5;231m▓[38;5;231;48;5;231m▓[38;5;231;48;5;231m▓[38;5;231;48;5;231m▓[38;5;254;48;5;254m▓[38;5;65;48;5;243m▓[38;5;78;48;5;243m▓[38;5;84;48;5;243m▓[38;5;78;48;5;243m▓[38;5;66;48;5;59m▓[38;5;79;48;5;243m▓[38;5;78;48;5;243m▓[38;5;79;48;5;243m▓[38;5;79;48;5;243m▓[38;5;72;48;5;243m▓[38;5;231;48;5;231m▓[38;5;231;48;5;231m▓[38;5;231;48;5;231m▓[38;5;231;48;5;231m▓[38;5;231;48;5;231m▓[38;5;231;48;5;231m▓[0m
[38;5;231;48;5;231m▓[38;5;231;48;5;231m▓[38;5;231;48;5;231m▓[38;5;231;48;5;231m▓[38;5;231;48;5;231m▓[38;5;231;48;5;231m▓[38;5;231;48;5;231m▓[38;5;231;48;5;231m▓[38;5;231;48;5;231m▓[38;5;231;48;5;231m▓[38;5;231;48;5;231m▓[38;5;231;48;5;231m▓[38;5;222;48;5;230m [38;5;94;48;5;179m▒[38;5;94;48;5;244m▓[38;5;179;48;5;179m▒[38;5;221;48;5;137m▒[38;5;231;48;5;231m▓[38;5;231;48;5;231m▓[38;5;231;48;5;231m▓[38;5;231;48;5;231m▓[38;5;231;48;5;231m▓[38;5;231;48;5;231m▓[38;5;231;48;5;231m▓[38;5;231;48;5;231m▓[38;5;231;48;5;231m▓[38;5;231;48;5;231m▓[38;5;231;48;5;231m▓[38;5;231;48;5;231m▓[38;5;231;48;5;231m▓[38;5;231;48;5;231m▓[38;5;231;48;5;231m▓[38;5;231;48;5;231m▓[38;5;231;48;5;231m▓[38;5;231;48;5;231m▓[38;5;178;48;5;221m░[38;5;222;48;5;221m [38;5;94;48;5;221m [38;5;221;48;5;221m [38;5;221;48;5;179m▒[38;5;94;48;5;243m▓[38;5;179;48;5;251m▓[38;5;231;48;5;231m▓[38;5;231;48;5;231m▓[38;5;231;48;5;231m▓[38;5;231;48;5;231m▓[38;5;231;48;5;231m▓[38;5;231;48;5;231m▓[38;5;231;48;5;231m▓[38;5;231;48;5;231m▓[38;5;231;48;5;231m▓[38;5;231;48;5;231m▓[38;5;231;48;5;231m▓[38;5;231;48;5;231m▓[38;5;231;48;5;231m▓[38;5;231;48;5;231m▓[38;5;231;48;5;231m▓[38;5;231;48;5;231m▓[38;5;231;48;5;231m▓[38;5;231;48;5;231m▓[38;5;242;48;5;241m▓[38;5;72;48;5;241m▓[38;5;78;48;5;241m▓[38;5;79;48;5;59m▓[38;5;65;48;5;243m▓[38;5;84;48;5;243m▓[38;5;72;48;5;241m▓[38;5;66;48;5;241m▓[38;5;242;48;5;241m▓[38;5;107;48;5;243m▓[38;5;84;48;5;243m▓[38;5;78;48;5;243m▓[38;5;84;48;5;243m▓[38;5;231;48;5;231m▓[38;5;231;48;5;231m▓[38;5;231;48;5;231m▓[38;5;231;48;5;231m▓[38;5;231;48;5;231m▓[38;5;231;48;5;231m▓[38;5;231;48;5;231m▓[0m
[38;5;231;48;5;231m▓[38;5;231;48;5;231m▓[38;5;231;48;5;231m▓[38;5;231;48;5;231m▓[38;5;231;48;5;231m▓[38;5;231;48;5;231m▓[38;5;231;48;5;231m▓[38;5;231;48;5;231m▓[38;5;231;48;5;231m▓[38;5;231;48;5;231m▓[38;5;231;48;5;231m▓[38;5;231;48;5;231m▓[38;5;231;48;5;231m▓[38;5;231;48;5;231m▓[38;5;231;48;5;231m▓[38;5;231;48;5;231m▓[38;5;231;48;5;231m▓[38;5;231;48;5;231m▓[38;5;231;48;5;231m▓[38;5;231;48;5;231m▓[38;5;231;48;5;231m▓[38;5;231;48;5;231m▓[38;5;231;48;5;231m▓[38;5;231;48;5;231m▓[38;5;231;48;5;231m▓[38;5;231;48;5;231m▓[38;5;231;48;5;231m▓[38;5;231;48;5;231m▓[38;5;231;48;5;231m▓[38;5;231;48;5;231m▓[38;5;231;48;5;231m▓[38;5;231;48;5;231m▓[38;5;231;48;5;231m▓[38;5;231;48;5;231m▓[38;5;231;48;5;231m▓[38;5;231;48;5;231m▓[38;5;231;48;5;231m▓[38;5;231;48;5;231m▓[38;5;231;48;5;231m▓[38;5;231;48;5;231m▓[38;5;231;48;5;231m▓[38;5;231;48;5;231m▓[38;5;231;48;5;231m▓[38;5;231;48;5;231m▓[38;5;231;48;5;231m▓[38;5;231;48;5;231m▓[38;5;231;48;5;231m▓[38;5;231;48;5;231m▓[38;5;231;48;5;231m▓[38;5;231;48;5;231m▓[38;5;231;48;5;231m▓[38;5;231;48;5;231m▓[38;5;231;48;5;231m▓[38;5;231;48;5;231m▓[38;5;231;48;5;231m▓[38;5;231;48;5;231m▓[38;5;231;48;5;231m▓[38;5;231;48;5;231m▓[38;5;231;48;5;231m▓[38;5;231;48;5;231m▓[38;5;231;48;5;231m▓[38;5;231;48;5;231m▓[38;5;231;48;5;231m▓[38;5;231;48;5;231m▓[38;5;231;48;5;231m▓[38;5;231;48;5;231m▓[38;5;231;48;5;231m▓[38;5;231;48;5;231m▓[38;5;231;48;5;231m▓[38;5;231;48;5;231m▓[38;5;231;48;5;231m▓[38;5;231;48;5;231m▓[38;5;231;48;5;231m▓[38;5;231;48;5;231m▓[38;5;231;48;5;231m▓[38;5;231;48;5;231m▓[38;5;231;48;5;231m▓[38;5;231;48;5;231m▓[38;5;231;48;5;231m▓[38;5;231;48;5;231m▓[0m
[0m