[49m                           [38;2;41;44;84;49m▄▄[49m                           [m
[49m                         [38;2;41;44;84;49m▄[48;2;41;44;84m [38;2;252;240;219;48;2;41;44;84m▄▄[48;2;41;44;84m [38;2;41;44;84;49m▄[49m                         [m
[49m                        [38;2;41;44;84;48;2;39;42;82m▄[48;2;41;44;84m [38;2;252;240;219;48;2;41;44;84m▄[48;2;2;4;8m  [38;2;252;240;219;48;2;41;44;84m▄[48;2;41;44;84m [38;2;41;44;84;48;2;39;42;81m▄[49m                        [m
[49m                       [48;2;41;44;84m  [38;2;230;219;200;48;2;143;139;149m▄[48;2;2;4;8m    [38;2;223;213;195;48;2;151;147;154m▄[48;2;41;44;84m  [49m                       [m
[49m                      [48;2;41;44;84m  [38;2;2;4;8;48;2;252;240;219m▄[48;2;2;4;8m      [38;2;2;4;8;48;2;252;240;219m▄[48;2;41;44;84m  [49m                      [m
[49m                    [38;2;40;44;83;49m▄[48;2;41;44;84m  [38;2;2;4;8;48;2;252;240;219m▄[48;2;2;4;8m    [38;2;2;4;8;48;2;255;255;255m▄▄[48;2;2;4;8m  [38;2;2;4;8;48;2;252;240;219m▄[48;2;41;44;84m  [38;2;40;43;83;49m▄[49m                    [m
[49m                   [38;2;41;44;84;49m▄[48;2;41;44;84m [38;2;245;233;214;48;2;41;44;84m▄[38;2;2;4;8;48;2;252;240;219m▄[48;2;2;4;8m    [38;2;255;174;1;48;2;2;4;8m▄▄[48;2;2;4;8m    [38;2;2;4;8;48;2;252;240;219m▄[38;2;246;235;215;48;2;41;44;84m▄[48;2;41;44;84m [38;2;41;44;84;49m▄[49m                   [m
[49m                  [38;2;41;44;84;49m▄[48;2;41;44;84m [38;2;252;240;219;48;2;41;44;84m▄[38;2;2;4;8;48;2;71;70;67m▄[48;2;2;4;8m   [38;2;255;174;1;48;2;2;4;8m▄[48;2;255;174;1m    [38;2;255;174;1;48;2;2;4;8m▄[48;2;2;4;8m   [38;2;2;4;8;48;2;59;58;56m▄[38;2;252;240;219;48;2;41;44;84m▄[48;2;41;44;84m [38;2;41;44;84;49m▄[49m                  [m
[49m                 [38;2;41;44;84;49m▄[48;2;41;44;84m [38;2;252;240;219;48;2;41;44;84m▄[48;2;2;4;8m     [38;2;255;174;1;48;2;252;240;219m▄[48;2;252;240;219m [38;2;255;174;1;48;2;252;240;219m▄▄[48;2;252;240;219m [38;2;255;174;1;48;2;252;240;219m▄[48;2;2;4;8m     [38;2;252;240;219;48;2;41;44;84m▄[48;2;41;44;84m [38;2;41;44;84;49m▄[49m                 [m
[49m                [48;2;41;44;84m  [38;2;252;240;219;48;2;41;44;84m▄[48;2;2;4;8m   [38;2;2;4;8;48;2;255;255;255m▄[48;2;2;4;8m  [38;2;2;4;8;48;2;252;240;219m▄▄▄▄▄▄[48;2;2;4;8m   [38;2;203;204;205;48;2;25;27;30m▄[48;2;2;4;8m  [38;2;252;240;219;48;2;41;44;84m▄[48;2;41;44;84m  [49m                [m
[49m               [48;2;41;44;84m  [38;2;2;4;8;48;2;252;240;219m▄[48;2;2;4;8m  [38;2;2;4;8;48;2;204;205;205m▄[48;2;2;4;8m      [38;2;255;174;0;48;2;2;4;8m▄▄[48;2;2;4;8m         [38;2;2;4;8;48;2;252;240;219m▄[48;2;41;44;84m  [49m               [m
[49m              [48;2;41;44;84m  [38;2;2;4;8;48;2;252;240;219m▄[48;2;2;4;8m         [38;2;2;4;8;48;2;251;1;10m▄[38;2;255;174;0;48;2;255;247;230m▄[38;2;255;174;0;48;2;255;255;255m▄[38;2;2;4;8;48;2;251;1;10m▄[48;2;2;4;8m         [38;2;2;4;8;48;2;252;240;219m▄[48;2;41;44;84m  [49m              [m
[49m            [38;2;41;44;84;49m▄[48;2;41;44;84m  [38;2;2;4;8;48;2;252;240;219m▄[48;2;2;4;8m    [48;2;122;160;49m [38;2;122;160;49;48;2;2;4;8m▄[38;2;5;8;9;48;2;2;4;8m▄[48;2;2;4;8m    [38;2;2;4;8;48;2;251;1;10m▄[38;2;82;3;8;48;2;251;1;10m▄[48;2;2;4;8m           [38;2;2;4;8;48;2;252;240;219m▄[38;2;45;47;86;48;2;41;44;84m▄[48;2;41;44;84m [38;2;41;44;84;49m▄[49m            [m
[49m           [38;2;41;44;84;49m▄[48;2;41;44;84m [38;2;252;240;219;48;2;41;44;84m▄[38;2;2;4;8;48;2;252;240;219m▄[48;2;2;4;8m    [38;2;122;160;49;48;2;2;4;8m▄[38;2;13;18;11;48;2;122;160;49m▄[48;2;122;160;49m [48;2;2;4;8m         [38;2;255;255;255;48;2;2;4;8m▄[38;2;69;71;74;48;2;2;4;8m▄[48;2;2;4;8m        [38;2;2;4;8;48;2;252;240;219m▄[38;2;252;240;219;48;2;41;44;84m▄[48;2;41;44;84m [38;2;41;44;84;49m▄[49m           [m
[49m          [38;2;41;44;84;49m▄[48;2;41;44;84m [38;2;252;240;219;48;2;41;44;84m▄[48;2;2;4;8m      [38;2;2;4;8;48;2;122;160;49m▄[38;2;2;4;8;48;2;81;107;34m▄[48;2;122;160;49m  [48;2;2;4;8m                [48;2;122;160;49m [48;2;2;4;8m   [38;2;252;240;219;48;2;41;44;84m▄[48;2;41;44;84m [38;2;41;44;84;49m▄[49m          [m
[49m         [38;2;41;44;84;48;2;40;45;83m▄[48;2;41;44;84m [38;2;252;240;219;48;2;41;44;84m▄[48;2;2;4;8m       [48;2;122;160;49m [38;2;122;160;49;48;2;2;4;8m▄[38;2;2;4;8;48;2;122;160;49m▄[48;2;122;160;49m   [48;2;2;4;8m  [38;2;251;1;10;48;2;2;4;8m▄▄[48;2;2;4;8m        [38;2;2;4;8;48;2;122;160;49m▄[48;2;122;160;49m  [48;2;2;4;8m    [38;2;252;240;219;48;2;41;44;84m▄[48;2;41;44;84m [38;2;41;44;84;48;2;41;43;85m▄[49m         [m
[49m        [48;2;41;44;84m  [38;2;237;226;206;48;2;158;153;159m▄[48;2;2;4;8m          [48;2;122;160;49m [48;2;134;90;14m [38;2;2;4;8;48;2;122;160;49m▄[48;2;2;4;8m   [38;2;251;25;8;48;2;251;1;10m▄[48;2;251;1;10m [48;2;2;4;8m       [38;2;2;4;8;48;2;119;156;47m▄[48;2;122;160;49m   [38;2;2;4;8;48;2;122;160;49m▄[48;2;2;4;8m    [38;2;236;225;205;48;2;160;155;160m▄[48;2;41;44;84m  [49m        [m
[49m       [48;2;41;44;84m  [38;2;2;4;8;48;2;252;240;219m▄[48;2;2;4;8m  [48;2;122;160;49m [38;2;122;160;49;48;2;2;4;8m▄[38;2;30;41;18;48;2;2;4;8m▄[48;2;2;4;8m       [38;2;2;4;8;48;2;129;86;13m▄[38;2;134;90;14;48;2;2;4;8m▄[48;2;2;4;8m [38;2;251;1;10;48;2;155;2;9m▄[48;2;251;1;10m [48;2;255;174;0m [38;2;255;174;0;48;2;251;1;10m▄[48;2;251;1;10m [38;2;251;1;10;48;2;2;4;8m▄▄[48;2;2;4;8m   [38;2;45;59;23;48;2;3;5;8m▄[48;2;122;160;49m  [38;2;117;154;47;48;2;122;160;49m▄[38;2;97;128;40;48;2;122;160;49m▄[48;2;2;4;8m      [38;2;2;4;8;48;2;252;240;219m▄[48;2;41;44;84m  [49m       [m
[49m     [38;2;41;44;83;49m▄[48;2;41;44;84m  [38;2;2;4;8;48;2;252;240;219m▄[48;2;2;4;8m    [38;2;2;4;8;48;2;122;160;49m▄[48;2;122;160;49m [38;2;122;160;49;48;2;2;4;8m▄▄[48;2;2;4;8m   [38;2;135;130;120;48;2;2;4;8m▄[38;2;252;240;219;48;2;2;4;8m▄[48;2;252;240;219m  [38;2;251;1;10;48;2;252;240;219m▄[38;2;254;122;3;48;2;251;1;10m▄[38;2;255;174;0;48;2;253;102;3m▄[48;2;255;174;0m [48;2;255;255;255m [38;2;255;255;255;48;2;255;174;0m▄[38;2;255;174;0;48;2;251;1;10m▄[48;2;251;1;10m [38;2;251;1;10;48;2;2;4;8m▄[38;2;252;240;219;48;2;2;4;8m▄▄[48;2;2;4;8m [48;2;134;90;14m [38;2;2;4;8;48;2;57;76;27m▄[48;2;2;4;8m      [38;2;255;255;255;48;2;79;81;84m▄[48;2;2;4;8m  [38;2;2;4;8;48;2;252;240;219m▄[48;2;41;44;84m  [38;2;41;44;84;49m▄[49m     [m
[49m    [38;2;41;44;84;49m▄[48;2;41;44;84m [38;2;251;239;218;48;2;41;44;84m▄[38;2;2;4;8;48;2;252;240;219m▄[48;2;2;4;8m [38;2;2;4;8;48;2;255;255;255m▄[48;2;2;4;8m   [38;2;2;4;8;48;2;122;160;49m▄[48;2;2;4;8m [38;2;2;4;8;48;2;122;160;49m▄[38;2;134;90;14;48;2;121;158;48m▄[38;2;252;240;219;48;2;2;4;8m▄▄[48;2;252;240;219m    [38;2;252;240;219;48;2;251;1;10m▄[48;2;251;1;10m [38;2;251;1;10;48;2;255;174;0m▄[48;2;255;174;0m [48;2;255;255;255m   [48;2;255;174;0m [38;2;251;1;10;48;2;255;174;0m▄[38;2;134;90;14;48;2;251;1;10m▄[48;2;252;240;219m      [38;2;252;240;219;48;2;153;147;135m▄[38;2;252;240;219;48;2;2;4;8m▄[48;2;2;4;8m      [38;2;214;215;216;48;2;2;4;8m▄[38;2;2;4;8;48;2;252;240;219m▄[38;2;251;239;218;48;2;41;44;84m▄[48;2;41;44;84m [38;2;41;44;84;49m▄[49m    [m
[49m   [38;2;41;44;84;49m▄[48;2;41;44;84m [38;2;252;240;219;48;2;41;44;84m▄[38;2;2;4;8;48;2;79;76;73m▄[48;2;2;4;8m   [38;2;41;42;46;48;2;2;4;8m▄[48;2;2;4;8m    [38;2;252;240;219;48;2;2;4;8m▄[48;2;252;240;219m  [38;2;214;187;160;48;2;252;240;219m▄▄▄[48;2;252;240;219m  [38;2;252;240;219;48;2;134;90;14m▄[48;2;134;90;14m [38;2;134;90;14;48;2;252;240;219m▄[38;2;252;240;219;48;2;255;174;0m▄[38;2;252;240;219;48;2;255;255;255m▄[38;2;194;166;119;48;2;255;255;255m▄[38;2;252;240;219;48;2;255;174;0m▄[38;2;252;240;219;48;2;251;1;10m▄[38;2;134;90;14;48;2;252;240;219m▄▄[48;2;252;240;219m [38;2;214;187;160;48;2;252;240;219m▄▄[38;2;223;200;175;48;2;252;240;219m▄[48;2;252;240;219m     [48;2;2;4;8m       [38;2;2;4;8;48;2;70;68;65m▄[38;2;252;240;219;48;2;41;44;84m▄[48;2;41;44;84m [38;2;41;44;84;49m▄[49m   [m
[49m  [38;2;41;44;84;49m▄[48;2;41;44;84m [38;2;252;240;219;48;2;41;44;84m▄[48;2;2;4;8m       [38;2;252;240;219;48;2;2;4;8m▄[48;2;252;240;219m   [38;2;214;187;160;48;2;252;240;219m▄[48;2;214;187;160m    [38;2;252;240;219;48;2;223;200;175m▄[48;2;252;240;219m   [38;2;252;240;219;48;2;134;90;14m▄[48;2;252;240;219m [38;2;252;240;219;48;2;134;90;14m▄▄▄[48;2;252;240;219m   [38;2;252;240;219;48;2;214;187;160m▄[48;2;214;187;160m     [38;2;214;187;160;48;2;252;240;219m▄[48;2;252;240;219m   [48;2;2;4;8m        [38;2;252;240;219;48;2;41;44;84m▄[48;2;41;44;84m [38;2;41;44;84;49m▄[49m  [m
[49m [48;2;41;44;84m  [38;2;252;240;219;48;2;41;44;84m▄[48;2;2;4;8m       [48;2;252;240;219m    [38;2;252;240;219;48;2;214;187;160m▄[48;2;214;187;160m  [38;2;215;189;162;48;2;214;187;160m▄[38;2;252;240;219;48;2;214;187;160m▄[48;2;252;240;219m              [38;2;252;240;219;48;2;214;187;160m▄[48;2;214;187;160m      [38;2;214;187;160;48;2;252;240;219m▄[48;2;252;240;219m [38;2;252;240;219;48;2;2;4;8m▄[48;2;2;4;8m        [38;2;252;240;219;48;2;41;44;84m▄[48;2;41;44;84m  [49m [m
[49m [48;2;41;44;84m  [38;2;41;44;84;48;2;252;240;219m▄▄▄▄▄▄▄▄▄▄▄▄▄▄▄▄▄▄▄▄▄▄▄▄▄▄▄▄▄▄▄▄▄[38;2;41;44;84;48;2;214;187;160m▄▄▄▄▄▄[38;2;41;44;84;48;2;252;240;219m▄▄▄▄▄▄▄▄▄▄▄[48;2;41;44;84m  [49m [m
[49m  [49;38;2;41;44;84m▀▀▀▀▀▀▀▀▀▀▀▀▀▀▀▀▀▀▀▀▀▀▀▀▀▀▀▀▀▀▀▀▀▀▀▀▀▀▀▀▀▀▀▀▀▀▀▀▀▀▀▀[49m  [m

